5.605883757985735683e-03 1.500000000000000000e+00
1.718884092448242501e-02 1.499290395567327128e+00
3.382402017203574307e-02 1.496989199415185823e+00
5.507939387412965487e-02 1.491829286341837202e+00
8.042683463930709598e-02 1.482362873446266383e+00
1.089946276592223123e-01 1.467059379213877746e+00
1.395383670606356874e-01 1.444550875580219662e+00
1.705496007272802039e-01 1.413893652058371364e+00
2.004598399459762148e-01 1.374686609107975022e+00
2.278152778267525380e-01 1.327009131382718810e+00
2.513461823545409257e-01 1.271267279955525131e+00
2.699408167810620207e-01 1.208046479738218881e+00
2.825639894543361952e-01 1.138018253996666562e+00
2.881507741332607342e-01 1.061911873084652402e+00
2.854904852808509697e-01 9.805518511938773329e-01
2.731063634249819572e-01 8.949690689440701341e-01
2.491357809942389701e-01 8.066128239610773631e-01
2.112354482709093151e-01 7.177256023812018659e-01
1.566131942631694973e-01 6.319855473228144227e-01
8.251215961637074769e-02 5.554918187568522736e-01
-1.209326227462430292e-02 4.976584039884014432e-01
-1.230914633822254578e-01 4.696890300483148040e-01
-2.399170674769131317e-01 4.774996672197226455e-01
-3.522831509478125955e-01 5.169672426024770617e-01
-4.547688278812536677e-01 5.812321829721949218e-01
-5.440442861768298721e-01 6.652390613792205087e-01
-6.176207789809819992e-01 7.646442169315915693e-01
-6.737895635202399980e-01 8.754300395876077889e-01
-7.110667046636324207e-01 9.941013461790626504e-01
-7.269393400777320879e-01 1.117398625580553917e+00
-7.160925927531694990e-01 1.240669692729700957e+00
-6.684572680059691629e-01 1.352836779264672940e+00
-5.738420543940403462e-01 1.423932285133485465e+00
-4.537398214422422860e-01 1.418008128155223702e+00
-3.382954270922702844e-01 1.356853337703076701e+00
-2.376955236250774817e-01 1.257209612299687196e+00
-1.568404991112157254e-01 1.128078624183732614e+00
-1.011589987779555333e-01 9.754388710167010146e-01
-7.774726452260076470e-02 8.052707117948523230e-01
-9.716015978351381921e-02 6.258875599049746885e-01
-1.756913285800641433e-01 4.550453750212735682e-01
-3.246691064174982433e-01 3.335141077626666006e-01
-5.127904681802912812e-01 3.005185377648700862e-01
-6.983992793502872276e-01 3.297393565602700360e-01
-8.708741177219030405e-01 3.993168487579898951e-01
-1.020993406297692863e+00 5.042136991139821722e-01
-1.137542089713974081e+00 6.383247385244293914e-01
-1.207155100684475402e+00 7.927329409097136903e-01
-1.208033827694574347e+00 9.510622191964130945e-01
-1.113140210078956915e+00 1.063403213680672144e+00
-9.607508678916484302e-01 1.082016600336515033e+00
-7.978867090057629730e-01 1.038183974054258663e+00
-6.401914037004865499e-01 9.430576346912225016e-01
-5.004091221400412959e-01 8.021783015475578704e-01
-3.943768893511603313e-01 6.198684574587458584e-01
-3.460037196988182684e-01 4.033433926080603471e-01
-3.962254435258477647e-01 1.792647054516926797e-01
-5.629441004057913478e-01 2.293527377991685934e-02
-7.727419300740685504e-01 -4.698494885195576842e-02
-9.886078713201088553e-01 -6.887377197608474111e-02
-1.198771488701882770e+00 -4.014300545396887882e-02
-1.383763028547669860e+00 4.316490594770059502e-02
-1.509628119109475142e+00 1.802870727626132985e-01
-1.520758612652966635e+00 3.433618488349711173e-01
-1.408838166293397087e+00 4.557033229373794181e-01
-1.242977397456013433e+00 5.073012070047419053e-01
-1.051390785585139875e+00 5.089642374490047638e-01
-8.484002206144920510e-01 4.569363450033173124e-01
-6.532907706827530969e-01 3.453702976246983414e-01
-4.937671040008739243e-01 1.691986779399563268e-01
-4.242020180899430115e-01 -6.773362837377508439e-02
-5.035447577548810560e-01 -2.991691626514903501e-01
-6.627759863318607447e-01 -4.716949160619536840e-01
-8.500788265484069406e-01 -6.048887038143725414e-01
-1.058003204626754234e+00 -6.860512379722613074e-01
-1.267900626476546444e+00 -6.960426625438510539e-01
-1.433374479826680314e+00 -6.116107375406933944e-01
-1.468964934304485714e+00 -4.552928371296162124e-01
-1.388809034666045772e+00 -3.066320547688954345e-01
-1.245637677285393430e+00 -1.883353201621494888e-01
-1.059353759409955131e+00 -1.016187228805982695e-01
-8.385438667167913751e-01 -6.377197303358170255e-02
-6.008597836948121884e-01 -9.241839965966441861e-02
-3.793672871599439445e-01 -2.127789172228698178e-01
-2.534562448961833470e-01 -4.358705383257040489e-01
-2.619496793467949725e-01 -6.810785962816796602e-01
-3.239309746016686420e-01 -9.107022536658877510e-01
-4.325616055148915340e-01 -1.115152911844916161e+00
-5.874805664501897562e-01 -1.271902937213205353e+00
-7.736040910221881894e-01 -1.336172052619001516e+00
-9.179510197911178171e-01 -1.257435296678707015e+00
-9.550780519913227851e-01 -1.095963762668938468e+00
-9.158688881000320858e-01 -9.179494151535230184e-01
-8.229735049094147881e-01 -7.380805597493168557e-01
-6.732076100940581620e-01 -5.730321745998054883e-01
-4.691491498644350666e-01 -4.467874063210299784e-01
-2.201813129124345070e-01 -3.949711843615896223e-01
2.888797997067224510e-02 -4.745306293003852538e-01
1.883177403112487047e-01 -6.688208752699869031e-01
2.895479448467532801e-01 -8.884850589453868741e-01
3.408060277544127659e-01 -1.118298114946076671e+00
3.276353964523777140e-01 -1.342315953966857212e+00
2.323410113774641572e-01 -1.519136187208343314e+00
7.259704032902417059e-02 -1.561555662431273195e+00
-5.729344167142844113e-02 -1.462495748815909158e+00
-1.372335235984011304e-01 -1.300369712546109557e+00
-1.760917760952528666e-01 -1.102581958209544410e+00
-1.625142143348087542e-01 -8.799207927272603147e-01
-8.323480320613192707e-02 -6.520625111163220744e-01
7.636677397337431061e-02 -4.510785822517198174e-01
3.197934045652920387e-01 -3.463654721634143452e-01
5.711909472037488555e-01 -3.866082991949109093e-01
7.949606132228985711e-01 -4.849267561794698977e-01
9.879301601970882363e-01 -6.234296320460988028e-01
1.128448891305257940e+00 -7.999261275069005084e-01
1.175151091050912644e+00 -9.949775575629190572e-01
1.081961689210271915e+00 -1.128349359997039780e+00
9.193615990637524771e-01 -1.133099753607878402e+00
7.539725565635128079e-01 -1.058740220854476943e+00
5.962221688366871053e-01 -9.309490541340219583e-01
4.620584682318662484e-01 -7.500524487704354204e-01
3.743410102067942780e-01 -5.223238653179864688e-01
3.657227449425933252e-01 -2.624295489255421554e-01
4.843152224765306935e-01 -2.209242046174630936e-02
6.990391970385365639e-01 1.171325142754882365e-01
9.307803666993436087e-01 2.003227841164881284e-01
1.167056093009779527e+00 2.318184477879633998e-01
1.389299410150947933e+00 1.982086418732769140e-01
1.549737965900276571e+00 8.472271730957268987e-02
1.554595908107052615e+00 -7.245231579276049938e-02
1.429757303832275062e+00 -1.792900326238046627e-01
1.252906467703976734e+00 -2.315770635457051752e-01
1.046069057019552329e+00 -2.404174718879159844e-01
8.214169223071240422e-01 -1.930591974670862188e-01
6.006067886530384037e-01 -7.868935076996910749e-02
4.203187129548872081e-01 1.152651730976838873e-01
3.550762830502396383e-01 3.775972414267657618e-01
4.157839026735030141e-01 6.259284942801479623e-01
5.202585142061397772e-01 8.503192241718097177e-01
6.659082843681602970e-01 1.038560902954223542e+00
8.474605502336747254e-01 1.165505292960798522e+00
1.034756777088734259e+00 1.179887345055721681e+00
1.119375964525632483e+00 1.054607815926694059e+00
1.090652836310583407e+00 8.888774704408142213e-01
9.921179268306715704e-01 7.262280639928972992e-01
8.421719151024251726e-01 5.739239185877651472e-01
6.399867172280757632e-01 4.518378245899657419e-01
3.939201374043404535e-01 3.841475583288410101e-01
1.246018746706240576e-01 4.109974292870195445e-01
-9.511508538099661125e-02 5.689494955990779257e-01
-2.300601767632171057e-01 7.849244601205918048e-01
-3.222732788343957155e-01 1.015055640189557629e+00
-3.556680823468267860e-01 1.248777019398493726e+00
-3.125997001176922807e-01 1.458987610976496985e+00
-1.797373510145381659e-01 1.570046845827580917e+00
-4.493093338977541262e-02 1.502952609746234236e+00
4.420627081792123658e-02 1.354260258054028609e+00
8.975686376346905804e-02 1.162160778988780896e+00
8.991715640834792300e-02 9.401859509792108716e-01
3.000123527358627973e-02 7.038608771347544257e-01
-1.036813554938874060e-01 4.779979575745126885e-01
-3.261143541747458796e-01 3.154383721997465750e-01
-5.914066242592523892e-01 2.845266186232600636e-01
-8.424194609580339943e-01 3.232917352330360039e-01
-1.073876972186456946e+00 4.064684540005605862e-01
-1.263853882161289022e+00 5.381741573215658159e-01
-1.368604911085892217e+00 7.108925319556882449e-01
-1.314206460229540907e+00 8.560752943083514976e-01
-1.156710138367932794e+00 8.792865448834955577e-01
-9.812266530381279495e-01 8.291085411535448202e-01
-8.015034647590980610e-01 7.254444767217155254e-01
-6.331828270364918687e-01 5.655690017385393009e-01
-4.988007521105213282e-01 3.511209536719634428e-01
-4.324554871387594757e-01 8.846938992856273609e-02
-4.896884363810607987e-01 -1.831864415069605068e-01
-6.469403201688019855e-01 -3.925085060481616761e-01
-8.337018368630031429e-01 -5.641252353188862534e-01
-1.043334296874004252e+00 -6.847020443528459843e-01
-1.259907730642412460e+00 -7.327682145401001046e-01
-1.430124568682196173e+00 -6.700015956959700647e-01
-1.433037751799803194e+00 -5.255205110336784724e-01
-1.324392897273392933e+00 -3.946504902173328944e-01
-1.156903390051627456e+00 -2.936351293790574468e-01
-9.469797470889523838e-01 -2.241082408814186466e-01
-7.032124190782422790e-01 -2.040722852468505599e-01
-4.431052990800097291e-01 -2.520645361296136588e-01
-2.041901053840571023e-01 -3.971796718266775716e-01
-6.290612450102198161e-02 -6.316035175062506557e-01
4.056288650267442231e-03 -8.819077724808945806e-01
2.393079351484239323e-02 -1.132129634694575060e+00
-1.665612768993785311e-02 -1.363694451393666185e+00
-1.282307957586876490e-01 -1.535179319243430207e+00
-2.804476935332733678e-01 -1.547812680471468694e+00
-3.556746396474238514e-01 -1.409411114842194612e+00
-3.711858432392338702e-01 -1.227178241033991091e+00
-3.388488874929900252e-01 -1.020234172116203819e+00
-2.509296626669933472e-01 -8.020955328162866493e-01
-1.009894880927117711e-01 -5.935455923071393247e-01
1.178267611448417240e-01 -4.266871580210770398e-01
3.922488311517861037e-01 -3.640494993258153178e-01
6.536378259976513005e-01 -4.087665613515939489e-01
8.959442495770568726e-01 -4.954935322617899374e-01
1.101563782488808707e+00 -6.263333773251859027e-01
1.242566497721056873e+00 -7.961436022821221092e-01
1.254772674123244780e+00 -9.701270706680558131e-01
1.120052192967506688e+00 -1.016198584988156739e+00
9.548507256027031209e-01 -9.656954576705262250e-01
7.894286949641515783e-01 -8.523401829620917969e-01
6.341431723896868711e-01 -6.865197456116141073e-01
5.087164834774050570e-01 -4.693822620358532038e-01
4.375085308110566729e-01 -2.082164309483802711e-01
4.640031912595637409e-01 7.478359176643467610e-02
6.030709362317687727e-01 3.109994467212407465e-01
7.824016582073838322e-01 5.022487152482237871e-01
9.866914846716230425e-01 6.490823419460813870e-01
1.204389247986705991e+00 7.305600736064276068e-01
1.397591856828415580e+00 7.099430532380119896e-01
1.442998029989823072e+00 5.766558185680636939e-01
1.339941299570148070e+00 4.466098010048452638e-01
1.175814912968122794e+00 3.452863311200518592e-01
9.678985916829863090e-01 2.726019742034796467e-01
7.237288101165099130e-01 2.446722241202776427e-01
4.588048710498350835e-01 2.776410170127183719e-01
2.012627833192904836e-01 3.967948386014766848e-01
1.656597862367212293e-02 6.097281465821514645e-01
-9.474471286009539250e-02 8.517459506981177597e-01
-1.605790756945370545e-01 1.101339630926523760e+00
-1.643730463800903430e-01 1.341864868911956554e+00
-8.983694894508864603e-02 1.536162559200401789e+00
5.334903312684252663e-02 1.578345055012645437e+00
1.368121509179714146e-01 1.446568873610396100e+00
1.693662123617022952e-01 1.265368488425440363e+00
1.578745809890191587e-01 1.052608982290567985e+00
9.397551270767320886e-02 8.212628918588624760e-01
-2.987081414135681068e-02 5.901905957217462584e-01
-2.233028559942822067e-01 3.870581055477072541e-01
-4.832001975098781932e-01 2.678821574278825168e-01
-7.520707546343159411e-01 2.415364873295828829e-01
-1.013742287640958306e+00 2.600308034986081873e-01
-1.249302890822248546e+00 3.313799620336784768e-01
-1.427821308634493080e+00 4.576609546822438257e-01
-1.467789791558234969e+00 6.160881978270573711e-01
-1.333543095238917342e+00 6.666579818221641807e-01
-1.158030339727537772e+00 6.421725039578746186e-01
-9.669108685122742575e-01 5.605495754714444612e-01
-7.741513046895189820e-01 4.251749161053320347e-01
-5.986128668397854291e-01 2.350716591347843110e-01
-4.644407059441624797e-01 -8.370728938131760666e-03
-4.166746199912247928e-01 -2.927474141815852304e-01
-4.688404850129623269e-01 -5.628930301001482395e-01
-5.647063515025656510e-01 -8.112082403517389961e-01
-7.016860126327282288e-01 -1.022283880316577021e+00
-8.739349756649349432e-01 -1.170622769287641196e+00
-1.049550992469747035e+00 -1.195094273913742233e+00
-1.084602014189762764e+00 -1.064548140026480016e+00
-1.011086874437058025e+00 -9.060921348493122807e-01
-8.751110241632525932e-01 -7.521124854207155153e-01
-6.881547572722781503e-01 -6.119679707538879798e-01
-4.542085441664298617e-01 -5.032267664486906877e-01
-1.822558260213829051e-01 -4.461416017701278491e-01
1.068715912310865268e-01 -4.756723089582016728e-01
3.581052596522555365e-01 -5.999406999562997278e-01
5.734352133517379713e-01 -7.629584873484006602e-01
7.439817559057870788e-01 -9.548378115326618953e-01
8.472220949595368200e-01 -1.164104437436405126e+00
8.361753861767723395e-01 -1.349038501983339522e+00
7.045085550003985508e-01 -1.362294135868148182e+00
5.749461099349792992e-01 -1.245921972858737181e+00
4.685122177672387811e-01 -1.071017895216975768e+00
3.894370763297294591e-01 -8.512382429706544240e-01
3.530015235162894394e-01 -5.952160321301824819e-01
3.746773040080490502e-01 -3.173260884129667780e-01
4.794382733539643282e-01 -4.457892654029299573e-02
6.642807889424425793e-01 1.704849286750705351e-01
8.783839641308470725e-01 3.398496130173312424e-01
1.109157694568680075e+00 4.593498726936247056e-01
1.339996197005417722e+00 5.098661031429397861e-01
1.520099547133826334e+00 4.566778336887910017e-01
1.501981739777723313e+00 3.271287345181034256e-01
1.353381587660369201e+00 2.346498200771809373e-01
1.154979161088104611e+00 1.795855285208445007e-01
9.203941719794717091e-01 1.626294767586142775e-01
6.621169718247854608e-01 1.956824094106872081e-01
3.977741182125220099e-01 2.889737126962826919e-01
1.579345973958946880e-01 4.580746902183765457e-01
-1.091749735257868670e-02 6.880872477442547819e-01
-1.297822482142581557e-01 9.361842119509011795e-01
-1.959329042541802512e-01 1.189141311999381667e+00
-1.944206224132188909e-01 1.426135937972792700e+00
-1.020609997840550565e-01 1.587767601369685755e+00
1.554907513723634283e-02 1.532726458090192034e+00
6.795060874240557713e-02 1.363550463825474068e+00
7.304460916233003476e-02 1.154805841835693681e+00
3.249379283879258451e-02 9.199795495903522191e-01
-6.153999164563865587e-02 6.741920508652842203e-01
-2.142617548804567340e-01 4.364951926208502919e-01
-4.327640785928838496e-01 2.388279257979214476e-01
-6.922690842788739030e-01 1.183155188171449851e-01
-9.597525838116474084e-01 4.791081939987271165e-02
-1.221093163893455902e+00 3.111659869323390309e-02
-1.452146007823574836e+00 7.863939557303953332e-02
-1.584427786966044138e+00 2.019163562266596545e-01
-1.492596564519277580e+00 2.949293676399349917e-01
-1.313439222709178011e+00 3.086154399284192218e-01
-1.104411698016040777e+00 2.686554551323139250e-01
-8.794992103109953163e-01 1.787080646185501553e-01
-6.551512613032237642e-01 3.521420117921716941e-02
-4.503311595246271004e-01 -1.625632740533537457e-01
-2.962277236080236298e-01 -4.144352489749796864e-01
-2.186931471953877382e-01 -6.899661033320350079e-01
-1.896316220691674215e-01 -9.657296038049301146e-01
-2.134250252515653423e-01 -1.225906876851607485e+00
-2.970811474121736739e-01 -1.443636395225713187e+00
-4.394597595101178422e-01 -1.541325674718623029e+00
-4.989976237863557040e-01 -1.420703377777598364e+00
-4.790346950882237720e-01 -1.239944993437553711e+00
-4.020669453906838831e-01 -1.037477480444897182e+00
-2.736149140605173002e-01 -8.279977535255143017e-01
-9.418529242872875074e-02 -6.280476987328422744e-01
1.332128682961098431e-01 -4.550660399311835524e-01
4.031495166768970795e-01 -3.370352080396312733e-01
6.850742307859528646e-01 -2.901813672806583533e-01
9.620048042668535304e-01 -2.903579926181788506e-01
1.216853545709382312e+00 -3.414320038517182909e-01
1.420896057128731460e+00 -4.477874507870840404e-01
1.490179177192795690e+00 -5.972222523908439218e-01
1.353946509399338582e+00 -6.264534480818297890e-01
1.175994602776992970e+00 -5.817075554388588809e-01
9.823099430991496517e-01 -4.786857788706116446e-01
7.878826777021327166e-01 -3.247112790155344264e-01
6.083974404961842719e-01 -1.234565528286522551e-01
4.587629581879297813e-01 1.193366323080497782e-01
3.621062148203000874e-01 3.958657386769092179e-01
3.298897241181681372e-01 6.792283792164479639e-01
3.438316851073466296e-01 9.549687473972532370e-01
4.065961875696474381e-01 1.206034505025455950e+00
5.215315953883600253e-01 1.403111020834388878e+00
6.712311027883293146e-01 1.459759781108250554e+00
6.826297415696853665e-01 1.318097219829461153e+00
6.243772514461974898e-01 1.142920784959270186e+00
5.072446972641515561e-01 9.552132668961186290e-01
3.405458828702496721e-01 7.698428623339713672e-01
1.297645674199552346e-01 6.013691029094010432e-01
-1.176481080424156000e-01 4.620425801732203075e-01
-3.938360228475187852e-01 3.699497646356409430e-01
-6.767529485240701970e-01 3.361002553599739540e-01
-9.522110214790273641e-01 3.479260336548370414e-01
-1.204015747799761504e+00 4.073833089506022076e-01
-1.403393356079210452e+00 5.184819394897364209e-01
-1.463979056625341224e+00 6.658668283071609295e-01
-1.322004189696258658e+00 6.731891661533166982e-01
-1.146906119677661096e+00 6.124477463283980461e-01
-9.594438202183770414e-01 4.923936286098081760e-01
-7.744029785701835866e-01 3.240949393633223430e-01
-6.054990080503714900e-01 1.136899458222175308e-01
-4.628616105369003364e-01 -1.303424893155400721e-01
-3.599871406252562744e-01 -4.010944486166746481e-01
-3.093778077973845519e-01 -6.817891597631229317e-01
-3.041905743075510871e-01 -9.578383711527242994e-01
-3.464660780410495078e-01 -1.214154806727723690e+00
-4.423094141534049673e-01 -1.423268432670248940e+00
-5.842225920492740698e-01 -1.500454886980231217e+00
-5.989862025431464954e-01 -1.360940394195337966e+00
-5.454848917589187884e-01 -1.182600083601492269e+00
-4.327650082840473478e-01 -9.891025922387757241e-01
-2.728053685244536952e-01 -7.956125450555240342e-01
-7.158905540989463079e-02 -6.154441482930801399e-01
1.617721723842759363e-01 -4.574662292247129169e-01
4.212288263183260328e-01 -3.311805143565944021e-01
6.956248517436771639e-01 -2.505394583895112492e-01
9.704567639391374900e-01 -2.148668170543358569e-01
1.231745101745935767e+00 -2.270459404034221307e-01
1.453794562833970350e+00 -2.963959636455396618e-01
1.554406184799300927e+00 -4.268760430226535840e-01
1.419555015875549664e+00 -4.565554583592951188e-01
1.235842490073374433e+00 -4.190197212979342445e-01
1.031487819842343834e+00 -3.236257149553745105e-01
8.226519626056677525e-01 -1.820357252565403816e-01
6.226356270707082974e-01 4.555380220709892569e-04
4.398578420323988047e-01 2.143195114923440725e-01
2.803631934949597504e-01 4.537660523181832883e-01
1.585890396804089386e-01 7.136221749218321087e-01
8.039710921328530047e-02 9.808735195483908598e-01
5.015222829578892816e-02 1.242747876614513913e+00
8.125786904197082605e-02 1.476005582284197759e+00
1.917053389231742067e-01 1.602251601395991321e+00
2.406976366817957236e-01 1.474844022822809242e+00
2.279285135659146755e-01 1.286119638961372047e+00
1.606342618528350807e-01 1.068956367791416007e+00
4.898153934930934983e-02 8.410433139030712990e-01
-1.028898104269558578e-01 6.159346430018185492e-01
-2.851639142364546520e-01 4.022938763099678239e-01
-4.914674818378927945e-01 2.032254758783785531e-01
-7.229368079375356748e-01 3.223187468118390853e-02
-9.702119822814494476e-01 -9.848549954716506738e-02
-1.222141172095096540e+00 -1.826696159429603283e-01
-1.459312171517825663e+00 -2.023790327001844525e-01
-1.610602901811190035e+00 -1.234217279110223914e-01
-1.496198750747214534e+00 -5.140835662353500368e-02
-1.306357230086005572e+00 -3.002869605832492531e-02
-1.078661404062480900e+00 -5.694770099116303053e-02
-8.325055488775177093e-01 -1.247506892021504193e-01
-5.818047393511738274e-01 -2.310155340798566159e-01
-3.362742933322859229e-01 -3.659244075635533777e-01
-9.699607101605481341e-02 -5.214228688317886773e-01
1.255565257005883117e-01 -7.047219020005219825e-01
3.141306721212152597e-01 -9.128372428956059714e-01
4.604604483170545159e-01 -1.136937127825076388e+00
5.424253372965583964e-01 -1.363399055698552242e+00
5.091719307676786377e-01 -1.534371647301021824e+00
4.122096625388259605e-01 -1.442828700627945659e+00
3.478560667132288842e-01 -1.260566259275289092e+00
3.215317114897258133e-01 -1.030845246844773744e+00
3.301660957587092549e-01 -7.741138721761866570e-01
3.736927473596953764e-01 -5.045635307325621044e-01
4.430274114321159362e-01 -2.338768677754946013e-01
5.273793098853255534e-01 3.715175595531811092e-02
6.384974730659473963e-01 3.036113931866871174e-01
7.824494502674825824e-01 5.461236876047436128e-01
9.536075197218129018e-01 7.546972947240280227e-01
1.146181903829200266e+00 9.045276527168860659e-01
1.322686912083666400e+00 9.309886061225712828e-01
1.266797599913416672e+00 8.127542274941331746e-01
1.106596306060134927e+00 6.997903735418172788e-01
8.915027338482675034e-01 6.099110838485723995e-01
6.410995062899060848e-01 5.458186427369493554e-01
3.695373275329613683e-01 5.104654804319639361e-01
9.114235537519982389e-02 4.968198308985734002e-01
-1.909921361165989873e-01 4.910317715314813092e-01
-4.795362056463480238e-01 5.062408639841891045e-01
-7.578303586890635657e-01 5.590444266355193426e-01
-1.015042432209423584e+00 6.479297737761759990e-01
-1.226494943268161553e+00 7.764511921603878264e-01
-1.320945303622653277e+00 9.337894227497933741e-01
-1.193744814237413188e+00 9.259928205849387028e-01
-1.033315035821643635e+00 8.077707740471884446e-01
-8.771030382718084661e-01 6.324649449688399816e-01
-7.337198997540401724e-01 4.155308714300407491e-01
-6.098156887528428660e-01 1.704263017648765255e-01
-5.022985057354417693e-01 -8.590030021431757645e-02
-3.954644409417419348e-01 -3.449781204415540703e-01
-2.992598096195249191e-01 -6.173829585557093491e-01
-2.395881657455189440e-01 -8.955181135404961523e-01
-2.196504734097596834e-01 -1.169362127373863469e+00
-2.524742766562932395e-01 -1.418451817520447467e+00
-3.569404933394129120e-01 -1.576742839201727975e+00
-4.047949662774620871e-01 -1.463742859800413409e+00
-3.511229252950992530e-01 -1.267797024376260850e+00
-2.467328997910415156e-01 -1.056361923586649487e+00
-9.866053338795902072e-02 -8.411458993573242005e-01
8.143490151267293586e-02 -6.331506410621920988e-01
2.752805559875157182e-01 -4.354881190862971430e-01
4.662696079532849813e-01 -2.341176369327252482e-01
6.700435220231792943e-01 -3.044436718126164454e-02
8.945458951061899810e-01 1.457798524040231636e-01
1.132967739270613450e+00 2.868857179640989519e-01
1.373766855413164567e+00 3.728330108351572969e-01
1.571617894456817766e+00 3.593938972417565214e-01
1.510095947877232003e+00 2.624518528649549820e-01
1.304590742180948393e+00 2.327082064499050584e-01
1.070534373165997533e+00 2.365000596179109849e-01
8.133557185916550081e-01 2.789266963980125413e-01
5.491559162229712188e-01 3.518576643065171039e-01
2.892511355747793278e-01 4.390424169760092643e-01
2.800165939668891601e-02 5.148195172609074666e-01
-2.459506805471211033e-01 5.911388274773397011e-01
-5.109410822296358567e-01 6.958208979408054828e-01
-7.564946501536080614e-01 8.285893096921246315e-01
-9.623463426518846786e-01 9.902991385310864203e-01
-1.078013452700405272e+00 1.171186244814689692e+00
-9.876644459942637289e-01 1.221540127716133739e+00
-8.722616757799510623e-01 1.048105085915830292e+00
-7.673681925304801643e-01 8.584439758318009872e-01
-6.823425877880964219e-01 6.250370111586762700e-01
-6.171464188860890099e-01 3.707520511064711921e-01
-5.650359146198038474e-01 1.154383680390956290e-01
-4.986324501814729526e-01 -1.248162737589258720e-01
-4.026511793694155239e-01 -3.622767273533414323e-01
-3.070414512715379241e-01 -6.129830488315758386e-01
-2.292992643779621087e-01 -8.738008738713420875e-01
-1.793028433373312081e-01 -1.137979222465842044e+00
-1.724762560336399186e-01 -1.391454765230347279e+00
-2.365333864700892574e-01 -1.584864019493369636e+00
-3.099217377936013817e-01 -1.519262350850345555e+00
-2.445476299855324775e-01 -1.321658748935152339e+00
-1.547062814426661825e-01 -1.120397544342558893e+00
-2.339237092948759367e-02 -9.111573029971361537e-01
1.315939764980201820e-01 -7.057600103479695353e-01
2.891902296028034391e-01 -5.099396321349711769e-01
4.186672764855109419e-01 -3.130562855166010294e-01
5.167736245056931965e-01 -9.575077352000621600e-02
6.114587487604041804e-01 1.393060682491911728e-01
7.173808050661837354e-01 3.808742933872167891e-01
8.413879707836982025e-01 6.172342675084482311e-01
9.881833199346922170e-01 8.322615953869566541e-01
1.158143769267890422e+00 9.912823472883769416e-01
1.288577255474809391e+00 9.924107492556283328e-01
1.132007787862078674e+00 9.089000623996905670e-01
9.794566274399183481e-01 8.314389319343205020e-01
7.729193173250066273e-01 7.700351875058961681e-01
5.482252357216205185e-01 7.223181909994406125e-01
