5.442700353306175083e-03 1.500000000000000000e+00
1.628546868894177255e-02 1.499589434508955987e+00
3.246127864955319214e-02 1.497807097167923374e+00
5.369692408979349907e-02 1.493251562781572561e+00
7.937755103441380966e-02 1.484227807599408866e+00
1.084540929689924021e-01 1.469013204366961256e+00
1.394869763180703881e-01 1.446193153909616003e+00
1.708399476770110503e-01 1.414909497821430717e+00
2.009117449556494239e-01 1.374898130711697197e+00
2.282771554474267162e-01 1.326351245448253113e+00
2.517058152882150068e-01 1.269733486110924181e+00
2.701020495516267550e-01 1.205644154952123515e+00
2.824130799961106497e-01 1.134749695272861958e+00
2.875290101574745627e-01 1.057779439018575074e+00
2.841793279329613564e-01 9.755784362683439515e-01
2.708236376876340112e-01 8.892266696916469870e-01
2.455396378630667620e-01 8.002581406883300108e-01
2.059395774473587459e-01 7.110471461019898243e-01
1.492338549964678240e-01 6.254611532302608579e-01
7.278273040981053654e-02 5.498155550029114602e-01
-2.417764805788437388e-02 4.936262685533538974e-01
-1.374033712457953527e-01 4.680770943655302441e-01
-2.564001923620156109e-01 4.799345658953522165e-01
-3.697224258329812052e-01 5.266150992869490510e-01
-4.704747125061012891e-01 6.002893870919528974e-01
-5.557432669186782581e-01 6.935361631181836684e-01
-6.242867791747067630e-01 8.008696446018496173e-01
-6.749484845613682449e-01 9.183577146580845785e-01
-7.056196490269879273e-01 1.042772607465073831e+00
-7.122181913731142622e-01 1.170338650523029322e+00
-6.873284345424602870e-01 1.294080912155294305e+00
-6.198050509447956546e-01 1.396888640092833089e+00
-5.067864705248303903e-01 1.440819370233894059e+00
-3.817897302387835978e-01 1.400636458418706098e+00
-2.698470135949173065e-01 1.307712168349556281e+00
-1.779985541504859603e-01 1.180059834307373157e+00
-1.109490511622255177e-01 1.026549759199798073e+00
-7.543865865236212831e-02 8.531134825008137579e-01
-8.305849185501949783e-02 6.672876915746883686e-01
-1.514598525951463825e-01 4.861522945948842933e-01
-2.945245529497783066e-01 3.488785334136325078e-01
-4.885039270644504494e-01 3.015262686777441248e-01
-6.853451932378835654e-01 3.366193962219335978e-01
-8.625508641569039625e-01 4.259997038312418605e-01
-1.011143656655446144e+00 5.529055055480287528e-01
-1.123338584200103352e+00 7.077040936713431263e-01
-1.183420336565531361e+00 8.824073054938769145e-01
-1.156631015775037019e+00 1.054137518019708342e+00
-1.010918539307250397e+00 1.137399603859973629e+00
-8.268619407876536265e-01 1.095652560328542524e+00
-6.464643351072119071e-01 9.961907600990959066e-01
-4.888378402909479004e-01 8.417283615071617930e-01
-3.702922596490295093e-01 6.401973167719745561e-01
-3.247405391531931196e-01 3.994210834090186069e-01
-4.043739691325126673e-01 1.615222030208763315e-01
-6.090029208555002294e-01 1.900276155072019857e-02
-8.529454526726144570e-01 -1.995463104018965761e-02
-1.092453019368448741e+00 1.506950720756001366e-02
-1.306986055512522782e+00 1.103503630245494804e-01
-1.472020156815388114e+00 2.623704321886029533e-01
-1.525445908364949643e+00 4.620993194644857915e-01
-1.375581303678455880e+00 5.961464224197022821e-01
-1.146954556402363101e+00 6.164946596147733437e-01
-9.019199555849599648e-01 5.719188132290022875e-01
-6.654497449160661215e-01 4.496719064424745116e-01
-4.745429821253568936e-01 2.433577054054141542e-01
-4.128101167009158856e-01 -3.904896880827743444e-02
-5.490749658147008327e-01 -2.893998487298885536e-01
-7.814462377057362907e-01 -4.463754530687734645e-01
-1.043607423581478510e+00 -5.211642711018265040e-01
-1.305003053261895918e+00 -5.140899618725296438e-01
-1.524892152287421920e+00 -4.073455975384739358e-01
-1.572456277691255178e+00 -1.924345780190780120e-01
-1.378194564739937178e+00 -4.630308137532118673e-02
-1.138027429809515656e+00 6.353273161512076883e-02
-8.540382117072075063e-01 8.571965444471621454e-02
-5.610046469056704233e-01 9.477743881641728652e-03
-3.382511995512649250e-01 -2.110745510031591943e-01
-3.257659869619992099e-01 -5.191077650997442117e-01
-4.625363682256956599e-01 -7.877926184030552559e-01
-6.706578956013078407e-01 -9.925548545235152176e-01
-9.207860046741780380e-01 -1.113718352596444916e+00
-1.176315619742866581e+00 -1.103172835336068580e+00
-1.269336107617689002e+00 -8.899601009388986572e-01
-1.131348045671784375e+00 -6.597676266436358627e-01
-9.374204565161727842e-01 -4.447182239823123107e-01
-6.605480015324635135e-01 -3.023492333665196430e-01
-3.318936507671960690e-01 -2.802955567750955446e-01
-5.916352385318185414e-02 -4.711073113192064676e-01
1.691980977522951346e-02 -7.832633263713019156e-01
-1.840259881703466827e-02 -1.095059482116814031e+00
-1.476334138707602883e-01 -1.363870451169148401e+00
-3.587044724234152437e-01 -1.544604877996884618e+00
-5.984562604358732996e-01 -1.495528930862627615e+00
-6.167250368988732578e-01 -1.226420377399113804e+00
-5.906059380346370125e-01 -9.374637295179175656e-01
-4.448554833742707215e-01 -6.588728109948560618e-01
-1.936536885849713951e-01 -4.369976673445775672e-01
1.479853215541794831e-01 -4.030989882614441355e-01
4.067781243432196381e-01 -6.090585577394457273e-01
5.645637225405906179e-01 -8.902981922166739448e-01
6.179748083463505459e-01 -1.192089259475670460e+00
5.554019104191774137e-01 -1.470988272466066338e+00
3.366978733291730586e-01 -1.592563945348308474e+00
1.663441290910119830e-01 -1.383264584963727284e+00
2.532231664832101936e-02 -1.127249993817659224e+00
-9.409691645506965130e-03 -8.109167600719590085e-01
7.384081278518134228e-02 -4.809234847433805360e-01
3.391019784773874335e-01 -2.524244934044089783e-01
6.749107079653784425e-01 -2.741921381467660179e-01
9.689580852266028721e-01 -4.177920304125686268e-01
1.187178427806479197e+00 -6.382806517199746121e-01
1.293656767103033012e+00 -9.060069076741483762e-01
1.173918532961626626e+00 -1.125883660318750756e+00
9.144523178374865946e-01 -1.037021452366208685e+00
6.526394643374309190e-01 -9.008574983503201405e-01
4.475107632973998606e-01 -6.528658464814016682e-01
3.355206609969399456e-01 -3.269601027443282404e-01
4.387629971809724472e-01 1.135460511893421343e-02
7.329301699090906563e-01 1.785150101266757827e-01
1.057529172296828746e+00 2.286164695849216000e-01
1.362138744825170278e+00 1.717562329791370856e-01
1.596905419323006781e+00 8.968589528857567883e-03
1.594088825979481649e+00 -2.376427114060326584e-01
1.320753674309961490e+00 -2.997778429418310187e-01
1.023975436774680725e+00 -3.332120811218087786e-01
7.118883266884115102e-01 -2.402454002793808496e-01
4.373455582103363826e-01 -2.535200106653387464e-02
3.493283923751131503e-01 3.188759686314771580e-01
5.015151694563158014e-01 6.207647071535471461e-01
7.360350455456232677e-01 8.494163097423473863e-01
1.015007467821337439e+00 9.782108096214132686e-01
1.294956322047493114e+00 9.708453550202844617e-01
1.392979528390830612e+00 7.486349566901809860e-01
1.196386145071902662e+00 5.387359317165544281e-01
9.622542678972494379e-01 3.405545209169385523e-01
6.443078159325019705e-01 2.386319834821870045e-01
2.895649438863616143e-01 2.749394002738894116e-01
4.283466953981882042e-02 5.339518239530518517e-01
1.235179462766293479e-03 8.707734130709515741e-01
6.100779001430726295e-02 1.192491840021931315e+00
2.160729929241876068e-01 1.454873052462557714e+00
4.560940906558436092e-01 1.581563810867814723e+00
6.100023348034692150e-01 1.386576302875574207e+00
5.824220715193273445e-01 1.089194517351128377e+00
4.815611429475591398e-01 7.798448380747361464e-01
2.581278565011597692e-01 5.069601981480744701e-01
-8.846708273546022294e-02 3.712076900809003766e-01
-4.193377501567800980e-01 5.138584558698410243e-01
-6.415899603460057943e-01 7.775808900569854965e-01
-7.625800927276367158e-01 1.081107543810050142e+00
-7.576586251778155701e-01 1.381426536675545602e+00
-5.610886124575275025e-01 1.543937196456881544e+00
-3.723787052858426039e-01 1.335115931843648740e+00
-1.990513928971656965e-01 1.088418652813345933e+00
-1.317516602193546382e-01 7.630422485571082269e-01
-1.841075072331172235e-01 4.087373101386616581e-01
-4.416127368660056618e-01 1.457807659603880257e-01
-7.879253300807080862e-01 1.175052184154022350e-01
-1.113400035348137473e+00 1.972301205419104697e-01
-1.374323968417755504e+00 3.682715417947944880e-01
-1.511793597876054385e+00 6.126426635953429178e-01
-1.350739702276720022e+00 7.927789973932409806e-01
-1.064410695307500765e+00 7.190896988421242586e-01
-7.698010296912054518e-01 6.049113074880322349e-01
-5.186113299459269577e-01 3.680748288315324190e-01
-3.816632262491815863e-01 2.534550215085135116e-02
-5.056623770331574175e-01 -3.176656752676734752e-01
-7.734757283286253227e-01 -5.345336378719407477e-01
-1.078510864434341965e+00 -6.574879808017063398e-01
-1.380948320461814927e+00 -6.622953008638183814e-01
-1.580504729160333577e+00 -4.979103799947406372e-01
-1.407316430561777354e+00 -2.984197700105344353e-01
-1.149451853189497275e+00 -1.447541855956954726e-01
-8.222316368917219620e-01 -8.395389970359176668e-02
-4.657627193363071405e-01 -1.395136487846636020e-01
-1.848362112113233202e-01 -3.898111496506711515e-01
-1.459863518887778433e-01 -7.434153344654935713e-01
-2.249166849041562277e-01 -1.075683016516833179e+00
-3.951166963197591531e-01 -1.344162732207040856e+00
-6.383019539838568068e-01 -1.493776774803440066e+00
-8.311253781908796157e-01 -1.351125426161385645e+00
-7.438476141879567516e-01 -1.068589692567986749e+00
-6.290674006579571875e-01 -7.779492372468500561e-01
-3.904346816842035883e-01 -5.309141139907933571e-01
-5.054019413747584677e-02 -3.867597760254100070e-01
3.021021149590015220e-01 -4.921189471782246860e-01
5.306484277410632444e-01 -7.510573965793436724e-01
6.701042691232683701e-01 -1.049886201157676391e+00
6.936591463042560690e-01 -1.351277061248367328e+00
5.497525471831381516e-01 -1.564501815731079493e+00
3.433471688808764632e-01 -1.410330454815679202e+00
1.885891871653584406e-01 -1.153964064303163894e+00
1.170708053984514385e-01 -8.289936798744251822e-01
1.588615270353926356e-01 -4.695295113381727226e-01
3.925008124642199170e-01 -1.704577302208963863e-01
7.446088574629622370e-01 -1.027767515570782303e-01
1.083704025340343158e+00 -1.540605273570646028e-01
1.366921188035484347e+00 -2.997423219691257024e-01
1.537376705760370221e+00 -5.272380034264116944e-01
1.410386574131889503e+00 -7.259049435765368985e-01
1.123368468418540989e+00 -6.532241347295694167e-01
8.267208783890538371e-01 -5.569388300866862096e-01
5.636090568648834953e-01 -3.352507812034627444e-01
3.921127671371517076e-01 -6.599800732982386009e-03
4.620415916716635318e-01 3.563896049369563723e-01
6.913604211622077500e-01 6.149756909495009971e-01
9.691753191146823543e-01 7.915695650000468264e-01
1.262936334373457203e+00 8.539454551518164127e-01
1.485854493000871912e+00 7.367477533838250325e-01
1.345479641642408630e+00 5.210221022889707232e-01
1.110360821728080483e+00 3.393769182960996722e-01
7.960588101238068592e-01 2.336992379915728280e-01
4.348638666764569893e-01 2.315300594768868736e-01
1.067835154758646210e-01 4.221114485102975267e-01
-1.801847303482026486e-02 7.572678006099353709e-01
-2.860543494582225982e-02 1.098349874804134041e+00
6.087012240771342425e-02 1.401351117595221574e+00
2.499630160085632158e-01 1.607542453583808539e+00
4.592840105571700526e-01 1.513026586849363087e+00
4.328804066533330497e-01 1.219318590931226520e+00
3.854684675422462847e-01 9.124839474395347594e-01
2.122664264150183333e-01 6.158737197117296613e-01
-7.959513513292690301e-02 3.872575201167433034e-01
-4.493716752112792978e-01 3.809484310855288380e-01
-7.528994888793495432e-01 5.444912942440585102e-01
-9.891013597991213935e-01 7.715909059171491835e-01
-1.119032051224335023e+00 1.039373329709285976e+00
-1.056809426979911759e+00 1.277469463314153009e+00
-8.201729435822320280e-01 1.180843015968650489e+00
-5.940012407287101892e-01 9.927976404374030395e-01
-4.234475559700714431e-01 7.108287572354341499e-01
-3.379460210559011579e-01 3.617065400979305734e-01
-4.389653601888769963e-01 -3.127084574324756616e-03
-7.247236098736686838e-01 -2.167074124983988936e-01
-1.046360988216887833e+00 -3.253184663875849925e-01
-1.360092434623256796e+00 -3.305084671033068910e-01
-1.610730962445583003e+00 -2.145329641641328944e-01
-1.582251865355330134e+00 6.765750015549687468e-03
-1.294540477864415395e+00 5.878453914877802139e-02
-9.903170812152648494e-01 9.719406363014537753e-02
-6.596576763553421152e-01 1.621338473232980526e-02
-3.547783685685089727e-01 -1.903749853029426675e-01
-2.234748276696475466e-01 -5.357113482187829678e-01
-2.709522690919499155e-01 -8.757784192055275696e-01
-3.982247517889954125e-01 -1.176149915616926833e+00
-5.983547215447495571e-01 -1.393897887749131037e+00
-8.386871324522467974e-01 -1.429761321377041483e+00
-8.364249490376411966e-01 -1.181977329410918598e+00
-7.305444351916126067e-01 -9.097548240598487546e-01
-5.249956253661123284e-01 -6.548054215862806338e-01
-2.290925036343673393e-01 -4.533710412306463655e-01
1.471938643498280075e-01 -4.084750902809292095e-01
4.585950765830220099e-01 -5.857418175946844663e-01
6.867268927864638162e-01 -8.374335761811136924e-01
8.199406647689682082e-01 -1.121829671893582292e+00
8.201512469809775219e-01 -1.397307780771472441e+00
6.139523526550628718e-01 -1.466943015850216359e+00
4.606580530048758337e-01 -1.220607935524408605e+00
3.099211620274341383e-01 -9.592930799375898321e-01
2.555351843974263959e-01 -6.272877438350711321e-01
3.152235551678326253e-01 -2.674842879272180673e-01
5.626872428913908264e-01 6.582535754787954829e-03
8.859584625237730826e-01 1.194734072349058901e-01
1.210345824249696722e+00 1.464797493492467906e-01
1.496629782198690028e+00 7.497738816445306820e-02
1.652256641690653005e+00 -1.110210100054005167e-01
1.449274244212053864e+00 -2.316890473633820002e-01
1.158559777268673985e+00 -2.472185894488965752e-01
8.406099561495922190e-01 -1.798975496869001378e-01
5.279162909307529850e-01 -9.152203298531225162e-03
3.046596878310636747e-01 2.977290779037225499e-01
2.993265781877159082e-01 6.590168432854299763e-01
4.033656386239785618e-01 9.836548808073679595e-01
5.805610632577586916e-01 1.245081281337762302e+00
8.156692984040085914e-01 1.390998242456463752e+00
9.863747204051452888e-01 1.263383631939931417e+00
8.427958155033249410e-01 1.014308640436350828e+00
6.923315451410302357e-01 7.599394964044186018e-01
4.341653600193737805e-01 5.520952535278265128e-01
1.004703467806894457e-01 4.175007909550039198e-01
-2.645939753991724541e-01 4.683975277214218469e-01
-5.390104774762949358e-01 6.723887437368269993e-01
-7.447826599575035900e-01 9.241966803541661335e-01
-8.531252411619194564e-01 1.199057317299694780e+00
-8.072310043658038614e-01 1.439379325791385611e+00
-5.969017274237147230e-01 1.373550127316591984e+00
-4.384504951481694723e-01 1.130630205823667467e+00
-3.179191566664644752e-01 8.351029531850724386e-01
-2.851321640478293729e-01 4.851734703207793431e-01
-3.961427145996030963e-01 1.247274063438584268e-01
-6.776406546883932958e-01 -1.070094405680352689e-01
-9.995089118679214568e-01 -2.211103829068733206e-01
-1.316997855084763858e+00 -2.447729944628684873e-01
-1.583706863184364710e+00 -1.586282082530643678e-01
-1.626416223358606805e+00 4.778259464333764472e-02
-1.349523290638335427e+00 8.017954694222584333e-02
-1.066437165034352708e+00 1.120293797848701950e-01
-7.537638445191789938e-01 3.308242975309833023e-02
-4.460816385056259326e-01 -1.344324450196668075e-01
-2.334892249293862299e-01 -4.321951655754797672e-01
-1.949876540771421363e-01 -7.726984993989318706e-01
-2.404774556394241591e-01 -1.094805332131394637e+00
-3.623689175363739023e-01 -1.366930463384064875e+00
-5.577760287095223646e-01 -1.528550837279689212e+00
-7.021246828324354539e-01 -1.394307207578700858e+00
-6.026530216579125687e-01 -1.129355082369016827e+00
-4.826860116227624786e-01 -8.576282232897984859e-01
-2.623593789235124096e-01 -6.103487544741231785e-01
4.335779084395907645e-02 -4.226443132663902369e-01
4.066489769851235336e-01 -4.012042509626160269e-01
7.215057530882232895e-01 -5.235442595368976493e-01
9.852223151503685106e-01 -7.052635199419050593e-01
1.162787229048719562e+00 -9.333877645439249138e-01
1.173712246898485523e+00 -1.164285660484939422e+00
9.556708634003887592e-01 -1.119339746978179173e+00
7.402858134085084085e-01 -9.330699921976646216e-01
5.534462066500405175e-01 -6.760526951367760162e-01
4.275101083730419305e-01 -3.509344960060023499e-01
4.272167615594407164e-01 2.256979215802384919e-02
6.090162141450724542e-01 3.343443105265314075e-01
8.617222439438434467e-01 5.591117801221483496e-01
1.141964256677433731e+00 7.023498291748578870e-01
1.415663848364208777e+00 7.276505190013701219e-01
1.524717593887226164e+00 5.599650251685219793e-01
1.276465544844248123e+00 4.380149617741120882e-01
1.026159284049479314e+00 3.126462066971533726e-01
7.104658372272874001e-01 2.740968583708153772e-01
3.675852564068503581e-01 3.092861220769295705e-01
5.045329876435311611e-02 4.829289602363361356e-01
-1.446341110613836300e-01 7.629735057169855228e-01
-2.596481007887939674e-01 1.065209095476712164e+00
-2.902342524764237042e-01 1.361035522990275082e+00
-2.105392514782071789e-01 1.601223954351378653e+00
-2.688824688569177446e-02 1.580773786756124011e+00
-3.541971566280277539e-03 1.304689800503339381e+00
1.589454434447117731e-02 1.020977513322766761e+00
-5.908140112080961098e-02 7.105171725485144307e-01
-2.163694807542233256e-01 4.028761733827398994e-01
-4.911501085160172586e-01 1.734136158815948736e-01
-8.141632284966782152e-01 8.143698558349561634e-02
-1.132564108409199299e+00 6.480307172603239074e-02
-1.417396073054639771e+00 1.263774980259922964e-01
-1.605647898426409759e+00 2.783209952279674382e-01
-1.489411780412331021e+00 4.222509370861494693e-01
-1.216193618894898743e+00 3.625317705258848666e-01
-9.334974109238731721e-01 2.824538864847149222e-01
-6.556562534348279181e-01 1.098633840852512589e-01
-4.124494529531588238e-01 -1.462922650952138137e-01
-2.925820346508245517e-01 -4.857716617449153174e-01
-3.060516654861668018e-01 -8.213454362149141819e-01
-3.869302876949351488e-01 -1.129357253426781504e+00
-5.350132177623420082e-01 -1.375894177948125741e+00
-7.389901365172645287e-01 -1.475589095596351097e+00
-7.703845897714599600e-01 -1.270047121945455881e+00
-6.464469562387145096e-01 -1.016101321577449035e+00
-4.611651716470585027e-01 -7.649883249286248965e-01
-1.978942581307130411e-01 -5.458187156757465797e-01
1.424360490501390131e-01 -4.066979764245841067e-01
5.031222784458748709e-01 -4.301974379896097989e-01
8.176299601392484906e-01 -5.534999537407625514e-01
1.078300977026914964e+00 -7.328731408460809060e-01
1.240597176876025554e+00 -9.577300209981221002e-01
1.179239662484938611e+00 -1.143749285418248718e+00
9.703028069205693606e-01 -9.813488693777483451e-01
7.596835649496647136e-01 -8.101188975566765427e-01
5.936552991785075672e-01 -5.467418813495243946e-01
4.689171482177290629e-01 -2.350022294889298480e-01
4.453747673351803327e-01 1.199420307892707926e-01
5.586027609699447671e-01 4.447224400009937573e-01
7.377365110249827218e-01 7.155684522220719934e-01
9.569547200772408058e-01 9.237253141745651597e-01
1.197449038942121735e+00 1.027767088334339052e+00
1.339998089390637803e+00 9.203501575171606497e-01
1.134012571312798423e+00 7.591086593907245827e-01
9.253218656341577475e-01 5.964122025167920560e-01
6.416258697984469350e-01 4.911028128687875416e-01
3.224671852825736207e-01 4.298473617389886314e-01
-2.027788082858894558e-02 4.599240556213905484e-01
-3.239639047564276675e-01 6.050213043730915397e-01
-5.699218697304870851e-01 8.072503702113300594e-01
-7.562102289821419632e-01 1.040670623975974429e+00
-8.498552623568937925e-01 1.286522269595745449e+00
-7.673414760239612997e-01 1.450269605843032883e+00
-6.229796516406271856e-01 1.263451262692017574e+00
-4.913304033303119156e-01 1.039773949047565926e+00
-4.174858160663093565e-01 7.517922334229935055e-01
-3.883588031990232725e-01 4.335669127618705931e-01
-4.395819798294109404e-01 9.739792913848760447e-02
-5.976277345927440976e-01 -2.028159796502735368e-01
-8.151080912104222698e-01 -4.387748894492419227e-01
-1.060330290356430449e+00 -6.176351203237083753e-01
-1.315369575551631476e+00 -7.126869996984774858e-01
-1.509569269162185368e+00 -6.578785618972367022e-01
-1.368969284510934248e+00 -5.073646172525203557e-01
-1.122360298091343189e+00 -4.018496160916975035e-01
-8.275751324663795927e-01 -3.430041673924965062e-01
-5.015501552778593997e-01 -3.393094310311313144e-01
-1.621600610472184179e-01 -4.161411101826759662e-01
1.339087157610072132e-01 -6.015404641718214984e-01
3.554502872143362469e-01 -8.455679235794903992e-01
5.158973520852621064e-01 -1.113091535466735227e+00
5.883022347604606184e-01 -1.382583359814392621e+00
5.104939895670499439e-01 -1.572036078900545419e+00
3.777125398900730846e-01 -1.400710336987722737e+00
2.943476295931063413e-01 -1.141025947838186561e+00
2.678836047775604023e-01 -8.348196784410103488e-01
2.990438840164770240e-01 -5.038621515919752269e-01
4.149591220261130142e-01 -1.694503772352316529e-01
6.339784439469867694e-01 1.066445281354675423e-01
9.003421702075948829e-01 3.058256878525861810e-01
1.183867629559170798e+00 4.399386850953277972e-01
1.457986306334679627e+00 4.797114897337923511e-01
1.612013163368163582e+00 3.649597085253903916e-01
1.386701991592748984e+00 2.764592946542399066e-01
1.127732441193789459e+00 2.117427740224782362e-01
8.217059146533138847e-01 2.215888418027735507e-01
4.994365996643275740e-01 2.809424508799901465e-01
1.808582868290053991e-01 4.187256100787511981e-01
-8.078116386895445311e-02 6.441206398251845267e-01
-2.726295692868228038e-01 9.098445586271128871e-01
-4.022924286275421091e-01 1.190839993042952294e+00
-4.419338896086764112e-01 1.461850547384940135e+00
-3.340270921542099480e-01 1.617344663535873250e+00
-2.489243362178351349e-01 1.400026175032566211e+00
-1.948873513795023604e-01 1.140683457259996425e+00
-2.111628067786091301e-01 8.381987979744460748e-01
-2.748701503645019639e-01 5.209082639971995832e-01
-4.088063037528586463e-01 2.059290736793798482e-01
-6.236091923065884002e-01 -6.179458320259695325e-02
-8.806930763172744481e-01 -2.641299817844550146e-01
-1.155562717862148148e+00 -4.082117204610199446e-01
-1.426576783453540997e+00 -4.679547089989500863e-01
-1.607126962297686035e+00 -3.853799524971627810e-01
-1.422909180392509132e+00 -2.774778891509371848e-01
-1.157916954413301003e+00 -2.241885962012123978e-01
-8.537937535507578168e-01 -2.282103262962774104e-01
-5.320669758804421612e-01 -2.837127136913035197e-01
-2.094591751217190212e-01 -4.068409909913062172e-01
7.141757513334434648e-02 -6.117225848490783768e-01
2.881633685419634494e-01 -8.628041900520893037e-01
4.474040228784816886e-01 -1.134624305194040117e+00
5.216294924011581902e-01 -1.406572330221376177e+00
4.481907451802629172e-01 -1.593997524633418816e+00
3.341769559448120042e-01 -1.410678319439519601e+00
2.722007430052383326e-01 -1.144492555980277659e+00
2.664370766334541174e-01 -8.372305619741603477e-01
3.110306948096368540e-01 -5.109725490149047422e-01
4.218005129354792659e-01 -1.815596879513075579e-01
6.132560319344440014e-01 1.107678124835519418e-01
8.525512668335604172e-01 3.436545405088033966e-01
1.115872512526280280e+00 5.201319398670112282e-01
1.383711823194136548e+00 6.095030142408264240e-01
1.567369377334361324e+00 5.403856576509031839e-01
1.371029020193282877e+00 4.263091737776328327e-01
1.111481002757826353e+00 3.480100366206977935e-01
8.044345387674736170e-01 3.291128730858223217e-01
4.780038209328691390e-01 3.542179041649831106e-01
1.447299631691661426e-01 4.402017850479801320e-01
-1.620085363786714083e-01 6.010959081097064782e-01
-4.193246342247328173e-01 8.119074446789721344e-01
-6.252234979987817409e-01 1.052156115746349263e+00
-7.476629560602607860e-01 1.306847738862505715e+00
-7.069976476673556220e-01 1.499324587218451743e+00
-5.727975565416888459e-01 1.323400254307676827e+00
-4.712904223854204044e-01 1.071225029521398309e+00
-4.203570185358337929e-01 7.686221910180407457e-01
-4.102959509727929777e-01 4.426611222545877578e-01
-4.546577321353323375e-01 1.036799559101990176e-01
-5.692944550264772419e-01 -2.219225416853817245e-01
-7.380440494102349369e-01 -5.092187923718580755e-01
-9.431105476132699561e-01 -7.521209662130632356e-01
-1.175441525261666342e+00 -9.182651534141442751e-01
-1.377934178930480424e+00 -9.213017605663909038e-01
-1.241787678188491117e+00 -7.612083761547898675e-01
-9.998422710973441374e-01 -6.281055386721731137e-01
-7.075863984300582166e-01 -5.319929512601078159e-01
-3.850291917224631932e-01 -4.748036528218485541e-01
-4.243730175441895458e-02 -4.663238904777378124e-01
2.992674204944568150e-01 -5.248989321728942947e-01
6.140616761818525893e-01 -6.416452077950514088e-01
8.921467455124951762e-01 -8.016900192042679674e-01
1.100152686566749916e+00 -1.002095324148875033e+00
1.143131379346355558e+00 -1.202615541063048576e+00
9.627705857287960356e-01 -1.096553104960197977e+00
7.917062496436897412e-01 -8.764079646328354345e-01
6.478569952805582899e-01 -6.025010419933443107e-01
5.371409035164393941e-01 -2.928122356507547042e-01
4.684644659520489363e-01 4.329214029990818835e-02
4.608125838026519427e-01 3.903663196422402781e-01
5.122816168621139310e-01 7.237997468715068328e-01
6.130422577940690676e-01 1.030476546065309362e+00
7.674515536506747448e-01 1.276677348401866752e+00
9.546904481417328725e-01 1.359253530553904632e+00
8.795055674188121397e-01 1.161055789619939160e+00
6.956374257897985913e-01 9.506534885446937810e-01
4.530236884575953860e-01 7.570491817385822664e-01
1.712296120691303436e-01 5.879041981671115913e-01
-1.419896106722036699e-01 4.518045554775223516e-01
-4.770150393275758849e-01 3.661545538662460686e-01
-8.134743236484176521e-01 3.362772917951677432e-01
