1.133561740411257205e-03 1.500000000000000000e+00
4.193864235469336142e-03 1.499894061766662290e+00
8.815442426072793089e-03 1.499666076619436739e+00
1.468196338021380762e-02 1.499201212394711380e+00
2.175757984114016705e-02 1.498367991723401849e+00
3.005034070176385366e-02 1.497031260998405333e+00
3.951170353226942517e-02 1.495053101800420503e+00
5.006337551221265447e-02 1.492288780014851879e+00
6.163035916984087315e-02 1.488578134872648784e+00
7.414137308302939933e-02 1.483740374902386083e+00
8.751234325076739928e-02 1.477578338411796421e+00
1.016323738607372434e-01 1.469890230869931536e+00
1.163588156666616469e-01 1.460483844678409415e+00
1.315198804834399604e-01 1.449189760419700601e+00
1.469217080922828045e-01 1.435871796703012349e+00
1.623576721784125432e-01 1.420433706651376138e+00
1.776183075213596529e-01 1.402821449056485648e+00
1.925002855669696589e-01 1.383020986957546050e+00
2.068130197179993135e-01 1.361052474135785895e+00
2.203820808110031060e-01 1.336962399819962011e+00
2.330494257710394312e-01 1.310815414334635554e+00
2.446710953578208059e-01 1.282687192364640794e+00
2.551133153169026224e-01 1.252659097539720490e+00
2.642478809991455346e-01 1.220814871655754086e+00
2.719474746799868670e-01 1.187239217530948299e+00
2.780812968441936373e-01 1.152017981407420733e+00
2.825111627672508008e-01 1.115239618442917413e+00
2.850880474268149833e-01 1.076997690430712806e+00
2.856489545044111344e-01 1.037394262404413681e+00
2.840139326676074383e-01 9.965442147417332697e-01
2.799830609775268986e-01 9.545806622688866039e-01
2.733332793505586777e-01 9.116618725098061260e-01
2.638150674405957408e-01 8.679803071862797204e-01
2.511492175824650563e-01 8.237746776365357793e-01
2.350243851121914529e-01 7.793461906921115290e-01
2.150968743564257435e-01 7.350803943310694200e-01
1.909954563960235829e-01 6.914759941328298964e-01
1.623362082787291605e-01 6.491811490834834553e-01
1.287555789071224699e-01 6.090348316161421360e-01
8.997340517989173281e-02 5.721035137230787715e-01
4.589775842731944749e-02 5.396886804042789754e-01
-3.229765049388808040e-03 5.132592092470624756e-01
-5.669170485247236602e-02 4.942531257265285194e-01
-1.132636481861305222e-01 4.837469845299838256e-01
-1.714078866932566558e-01 4.821411947006776222e-01
-2.296406623544918202e-01 4.891131908696849662e-01
-2.868186485926838558e-01 5.039023152275574624e-01
-3.421649229939894843e-01 5.256765985360588589e-01
-3.951190256827290526e-01 5.537289015962872929e-01
-4.451917214001359091e-01 5.874811259326262469e-01
-4.919101873510133838e-01 6.264076888485218264e-01
-5.348348891877610090e-01 6.699726458271217933e-01
-5.735964581721194611e-01 7.176118674635447725e-01
-6.079166084172821227e-01 7.687501470631802336e-01
-6.376009842306122888e-01 8.228317157751929845e-01
-6.625060594638219058e-01 8.793461247108399492e-01
-6.824872388324469963e-01 9.378378372905162852e-01
-6.973351603641966268e-01 9.978930400402055145e-01
-7.067035700644240803e-01 1.059099491116601399e+00
-7.100258608837745067e-01 1.120971480241422569e+00
-7.064118530288535647e-01 1.182816488289069268e+00
-6.945235848134378998e-01 1.243485117986913968e+00
-6.724910630067518769e-01 1.300890582722088240e+00
-6.381834558542500702e-01 1.351208183009935393e+00
-5.907235059558800794e-01 1.388411042847955912e+00
-5.332267304351037129e-01 1.406929523417558059e+00
-4.717607378179386468e-01 1.406424412061904272e+00
-4.108127242548610392e-01 1.389958799760159902e+00
-3.525493681291431147e-01 1.360540843848521142e+00
-2.979951392061078730e-01 1.320366508138467898e+00
-2.478100455252992829e-01 1.270920367609778223e+00
-2.026211365266228082e-01 1.213228554710865659e+00
-1.631613108569339721e-01 1.148089271093261976e+00
-1.302943752441829139e-01 1.076265618322458595e+00
-1.049747273279671156e-01 9.985991684238667565e-01
-8.822178638744518353e-02 9.160429657702204853e-01
-8.117228944065445206e-02 8.296732971627343023e-01
-8.522504688192121536e-02 7.407694494097962767e-01
-1.022380479313797635e-01 6.510653792352438796e-01
-1.346345484920776214e-01 5.632866785139352128e-01
-1.850246278881842732e-01 4.819755585566289913e-01
-2.546264061336820372e-01 4.139658233017415867e-01
-3.405441957031259959e-01 3.665259550563798041e-01
-4.353605662006020949e-01 3.425158030555428001e-01
-5.317618198699546328e-01 3.387075562169215570e-01
-6.260608915812322373e-01 3.501397534053342087e-01
-7.171201784319681805e-01 3.734980644070107214e-01
-8.042447803948450380e-01 4.073594667475705644e-01
-8.861775419918366259e-01 4.511882087348214609e-01
-9.611193043168713146e-01 5.044272599425078107e-01
-1.027098295665347605e+00 5.661037159709382260e-01
-1.082250771793977995e+00 6.348009456478237444e-01
-1.124886104013583799e+00 7.087759825095109045e-01
-1.153294715629013867e+00 7.860561548189478609e-01
-1.165282862062509306e+00 8.642713492122762187e-01
-1.157739602395218004e+00 9.398389084050680076e-01
-1.127491975724133955e+00 1.006598991498847573e+00
-1.074861828103335970e+00 1.056414033733685143e+00
-1.005897029466688464e+00 1.084146943223331272e+00
-9.281468191080122221e-01 1.090226760130547978e+00
-8.466958119188994214e-01 1.077544625567705472e+00
-7.644411544387849089e-01 1.048504225448953830e+00
-6.835956749286397072e-01 1.004497570572517429e+00
-6.063943628461269109e-01 9.464775592404157667e-01
-5.351284478152844581e-01 8.753930132928957608e-01
-4.721048864299476899e-01 7.922674122338264624e-01
-4.198305952140278241e-01 6.981383327489646407e-01
-3.814826615879004512e-01 5.941196231839059871e-01
-3.616338253972999350e-01 4.818928562287018158e-01
-3.668751768052407325e-01 3.651343728853713722e-01
-4.046561442334869474e-01 2.521153931247869240e-01
-4.771304013126753119e-01 1.563061468911068619e-01
-5.743641620502484280e-01 8.771981019836452842e-02
-6.818929264773430088e-01 4.446363521560973281e-02
-7.918007283123073003e-01 1.966319139366546134e-02
-9.019776074704475288e-01 8.742654634871383640e-03
-1.011804380995921182e+00 1.072138111582000321e-02
-1.119536529672263248e+00 2.681275159408874620e-02
-1.221640095892093436e+00 5.861021420484616162e-02
-1.313009160474403414e+00 1.068909863920304432e-01
-1.387298150798625729e+00 1.707355669187217984e-01
-1.437814414043365518e+00 2.463921086844330643e-01
-1.460099748926940721e+00 3.267102306724845029e-01
-1.454026976547433403e+00 4.032936522580557459e-01
-1.421996669517158862e+00 4.687995357732083757e-01
-1.368582742543692277e+00 5.181493800154852725e-01
-1.300260865193920923e+00 5.512695567513675732e-01
-1.221394755747243543e+00 5.712290853462677065e-01
-1.133496448453453986e+00 5.787740009983378675e-01
-1.038406389097884297e+00 5.721284007237312785e-01
-9.393306847986716557e-01 5.494121113812825419e-01
-8.400014112633427121e-01 5.098435706991000238e-01
-7.439607855648349144e-01 4.535130479047576602e-01
-6.546186750784797059e-01 3.806966470538645231e-01
-5.760093126564699295e-01 2.913444742297890411e-01
-5.142955111680767022e-01 1.851790557067390652e-01
-4.796205673229478883e-01 6.364391571947612680e-02
-4.841482214697532260e-01 -6.503465090656458669e-02
-5.296652744474434904e-01 -1.852513155044585025e-01
-6.024444161420159372e-01 -2.876355413783709958e-01
-6.897013807920594486e-01 -3.728732809366184231e-01
-7.858513712923248518e-01 -4.436874427012912347e-01
-8.889842189896004498e-01 -5.006870396271463353e-01
-9.975170820093876012e-01 -5.419787693057332989e-01
-1.108514502793820800e+00 -5.643632654508550228e-01
-1.217082690872207440e+00 -5.644097250480581973e-01
-1.315842373985926184e+00 -5.395009723160798520e-01
-1.395028242758622028e+00 -4.901246215360829384e-01
-1.446090234457470425e+00 -4.227097390947705535e-01
-1.465837811125029200e+00 -3.471986466772398749e-01
-1.454734363007332609e+00 -2.727082464564217767e-01
-1.417593991460322833e+00 -2.054308025582374797e-01
-1.361976757057176801e+00 -1.459684059310857318e-01
-1.291714696257623585e+00 -9.282157060310383678e-02
-1.207326974601966807e+00 -4.728693585103544567e-02
-1.109916448711890880e+00 -1.285123841999179922e-02
-1.002086904105410348e+00 7.065059838104240791e-03
-8.871949956285285488e-01 1.003303889974540078e-02
-7.687520993219620902e-01 -5.808268824359516525e-03
-6.506204905196644184e-01 -4.262346572904224251e-02
-5.382162130072823958e-01 -1.036668569318494465e-01
-4.410852099446422869e-01 -1.928748740108373050e-01
-3.744963586068347783e-01 -3.098633549550491306e-01
-3.494385073408239339e-01 -4.419053359565613404e-01
-3.585674861691143800e-01 -5.725422805355402378e-01
-3.891946830043428451e-01 -6.954791530969526292e-01
-4.347922585419025099e-01 -8.105359800828323413e-01
-4.937381228640369546e-01 -9.174119454264300089e-01
-5.662020308416185754e-01 -1.013251464421635051e+00
-6.516769178400940721e-01 -1.092736304012706494e+00
-7.474812589434176591e-01 -1.148668370237174496e+00
-8.469420953736805924e-01 -1.172992004892590812e+00
-9.380980978035673434e-01 -1.161522354241852462e+00
-1.009565863923852058e+00 -1.120371284762262221e+00
-1.055678671390784418e+00 -1.059458432386812143e+00
-1.073999496213189575e+00 -9.872235422033598384e-01
-1.068021152816189590e+00 -9.105904693223750845e-01
-1.044989567714950107e+00 -8.317050356848171289e-01
-1.007380766519432091e+00 -7.501025106689241939e-01
-9.536931808330326721e-01 -6.676529916611606552e-01
-8.827970334881324321e-01 -5.886322684990078491e-01
-7.953323309647485351e-01 -5.176417159026657222e-01
-6.930938958089323254e-01 -4.586021508038660155e-01
-5.782231392344017173e-01 -4.151256544076397659e-01
-4.530835011776760957e-01 -3.916024166919902516e-01
-3.213362455894809289e-01 -3.946669995548365284e-01
-1.912894854171288406e-01 -4.333971977475536419e-01
-7.858248503404918761e-02 -5.119445342041589742e-01
5.381532407406380836e-03 -6.180754959670993198e-01
6.411759891379012477e-02 -7.351749724454963442e-01
1.039499614855897425e-01 -8.560190807042080685e-01
1.276362806744893441e-01 -9.786619213698199982e-01
1.343469321834960262e-01 -1.101405413012973789e+00
1.216138899783506810e-01 -1.220542444019526274e+00
8.705585988037262135e-02 -1.329761200959168610e+00
2.996149974625673257e-02 -1.419716755613543713e+00
-4.544695221781391153e-02 -1.478959943491066964e+00
-1.275176984987049789e-01 -1.501232101785382689e+00
-2.039781521788706087e-01 -1.489766437773988317e+00
-2.662217735236473981e-01 -1.449773906010062507e+00
-3.105079692133580482e-01 -1.388633248241323725e+00
-3.404310903139833311e-01 -1.314012450679698185e+00
-3.599451784134564125e-01 -1.228429206958592923e+00
-3.678499195029058533e-01 -1.132135407702125507e+00
-3.606502247807771289e-01 -1.027306111539666444e+00
-3.356560786925034678e-01 -9.178548660074772325e-01
-2.916767118463249320e-01 -8.080852316318549722e-01
-2.282464851732207700e-01 -7.021938535692046068e-01
-1.447701524576424092e-01 -6.048352938190364458e-01
-4.022386710856178105e-02 -5.226844247722388648e-01
8.517682210926329212e-02 -4.667946567133090530e-01
2.239535515047420544e-01 -4.508694801200013869e-01
3.598023348644779906e-01 -4.763607512745726691e-01
4.830176795198153350e-01 -5.286388566582242987e-01
5.934227617779281871e-01 -5.965723352011016445e-01
6.922626833749900843e-01 -6.761774617261626652e-01
7.783016794918631298e-01 -7.665544186488366663e-01
8.475195490646538765e-01 -8.666209456994187210e-01
8.940493952386926457e-01 -9.733211443209591751e-01
9.110470545355360272e-01 -1.080202145676536052e+00
8.935121827749074042e-01 -1.175644491013654536e+00
8.456910315369631226e-01 -1.246262453210385646e+00
7.800085004863406279e-01 -1.286317434468625454e+00
7.071936740291535628e-01 -1.294651897176620103e+00
6.352187930404395999e-01 -1.274533657692847433e+00
5.663803673886080858e-01 -1.234411232989981677e+00
4.988964372336140984e-01 -1.179317938050611358e+00
4.334685488989439284e-01 -1.108784385256199823e+00
3.740778711063091899e-01 -1.022133806836676984e+00
3.253636108521831827e-01 -9.205815074575011137e-01
2.910482680620189999e-01 -8.066870742527644245e-01
2.741501204690469651e-01 -6.834259278039949148e-01
2.779925269852566161e-01 -5.540282435337195999e-01
3.074251359420224206e-01 -4.229262372325512942e-01
3.691042214260237264e-01 -2.985261390886246868e-01
4.659562453535830429e-01 -1.956881527389706110e-01
5.866341487702005919e-01 -1.254871131364536097e-01
7.148676292727217385e-01 -8.294342326691281353e-02
8.437496643469593050e-01 -6.018835400329158175e-02
9.716700001402934772e-01 -5.383154827465887887e-02
1.096935910516480206e+00 -6.422730642857499284e-02
1.215606602162274452e+00 -9.323342143318243125e-02
1.321061151546918611e+00 -1.423573733437441258e-01
1.403632563835135461e+00 -2.111141217032954098e-01
1.451686679582654849e+00 -2.936316881360738207e-01
1.460042738908018611e+00 -3.765369438001641145e-01
1.434705996962938768e+00 -4.473066686066524689e-01
1.383241830216926704e+00 -4.980988576285975689e-01
1.314268021957652577e+00 -5.269399174325960500e-01
1.234827214834314013e+00 -5.394312419428126670e-01
1.146400961903715654e+00 -5.399681686229387267e-01
1.049387458233616677e+00 -5.271972860304567909e-01
9.466405221249778457e-01 -4.979819224940137956e-01
8.425346172013903345e-01 -4.503965409606008330e-01
7.414987482188316603e-01 -3.840565433192524303e-01
6.477331672334105672e-01 -2.992129460948360076e-01
5.659864300313324215e-01 -1.960188226999571570e-01
5.032280376385936949e-01 -7.458001665612394582e-02
4.705319921678466355e-01 6.266335287281794841e-02
4.787771505518905180e-01 2.052373807569893294e-01
5.234632551791140731e-01 3.381661421390134703e-01
5.894586423015836241e-01 4.564910998459662528e-01
6.684543720007642964e-01 5.615917027388319660e-01
7.579163249553755310e-01 6.541844298868210172e-01
8.569382738102457875e-01 7.320872639497106871e-01
9.635650475730564990e-01 7.907531807068823859e-01
1.073411120446682521e+00 8.241861925484721407e-01
1.178025249310594491e+00 8.259574069908462990e-01
1.263669554915218374e+00 7.935974333197439723e-01
1.318519630963548073e+00 7.358758348782085124e-01
1.339770960956643053e+00 6.662833321454028068e-01
1.328496858679266479e+00 5.952937669062015047e-01
1.291599214793836659e+00 5.288695869003970929e-01
1.237708868675495566e+00 4.661989271836697313e-01
1.169009714986798620e+00 4.057361356886894921e-01
1.084613729532162951e+00 3.498691607263815784e-01
9.849707336209717612e-01 3.031388105702262914e-01
8.723249238531469718e-01 2.696688425870568118e-01
7.497005330979374937e-01 2.525258774303659193e-01
6.202986323240609057e-01 2.544585559996996316e-01
4.878493197941221604e-01 2.790326164896804184e-01
3.583425447719252865e-01 3.316037950981851057e-01
2.432554701156670607e-01 4.174280297905155201e-01
1.567311017295237030e-01 5.321490419802370475e-01
1.000173232583962124e-01 6.599461792975205299e-01
6.510979705269609452e-02 7.904439560135104736e-01
4.733071896238262577e-02 9.208036024624715044e-01
4.603032091877314047e-02 1.049635679115578979e+00
6.282677301319945784e-02 1.173860305502940404e+00
9.960495828759718950e-02 1.287871454244641445e+00
1.571094942748253176e-01 1.383081250362987014e+00
2.323155359166136358e-01 1.447612570524795306e+00
3.140567846783077210e-01 1.471550640561927414e+00
3.875529606658557613e-01 1.457408891452956823e+00
4.428376637773368540e-01 1.413317363154507733e+00
4.756575175899112051e-01 1.348211573258752738e+00
4.902850515953605104e-01 1.270774926344857558e+00
4.925562099920903769e-01 1.184005422766213789e+00
4.823281073167052235e-01 1.088008943175638787e+00
4.565153801847168791e-01 9.849819009782119217e-01
4.127491669795259610e-01 8.790365178810204405e-01
3.502885808694398695e-01 7.746016430629103500e-01
2.692356893688914732e-01 6.758283149858462791e-01
1.696839773028503418e-01 5.871393941361086055e-01
5.147650983934844160e-02 5.146773319386092060e-01
-8.419577314702463011e-02 4.683396227949096491e-01
-2.294676639312285826e-01 4.595171463234200560e-01
-3.700096611373856481e-01 4.871100086624014502e-01
-4.989475789542240358e-01 5.375971787764741716e-01
-6.164090568337743381e-01 6.026777510201042354e-01
-7.226372555814823961e-01 6.797391414914311092e-01
-8.153561249961440716e-01 7.680499578745134670e-01
-8.899125549115081135e-01 8.661716485274223443e-01
-9.399085228662968916e-01 9.705389118418783490e-01
-9.577798307981165715e-01 1.073677381835417499e+00
-9.387035455105169346e-01 1.162022687319520964e+00
-8.894941632985702284e-01 1.221737939996039302e+00
-8.239682179255050087e-01 1.247967771449803864e+00
-7.534321337800895524e-01 1.240996666507153678e+00
-6.846636180502864155e-01 1.208014402732504822e+00
-6.175387530026850147e-01 1.157899748228887749e+00
-5.509348489426001416e-01 1.092625071308021889e+00
-4.873904480449482990e-01 1.011074415677047478e+00
-4.314896616965670506e-01 9.133948844004090573e-01
-3.874383686762964407e-01 8.014851221545288285e-01
-3.584914009966431170e-01 6.780119395406205562e-01
-3.476958542128016361e-01 5.457967831889044552e-01
-3.590750721453455641e-01 4.081185527893569920e-01
-3.986966942031152095e-01 2.704579752492769495e-01
-4.723800631122798688e-01 1.437651403313640330e-01
-5.753872557049322101e-01 4.082399106824571855e-02
-6.928023480551570579e-01 -3.766722071607304934e-02
-8.158892660452502499e-01 -9.716075690247746866e-02
-9.420418472334417537e-01 -1.402699644377120580e-01
-1.069529197523569231e+00 -1.663454028584480660e-01
-1.194989181911750631e+00 -1.728567092698524710e-01
-1.312555616669868419e+00 -1.568675859328707567e-01
-1.412880559010643466e+00 -1.162346931267984745e-01
-1.482466825675799571e+00 -5.297314231708290244e-02
-1.510697854233169046e+00 2.122658249280100218e-02
-1.499872382877756039e+00 9.100659045906984990e-02
-1.457002016023794200e+00 1.458221220755520353e-01
-1.391873105748267392e+00 1.824571150701851385e-01
-1.313099984743012261e+00 2.058935041706720648e-01
-1.222622233438123374e+00 2.196382292008684511e-01
-1.120751390389497448e+00 2.217778647409519577e-01
-1.009967383122838402e+00 2.087178487274523042e-01
-8.942145925028934794e-01 1.779794071953405277e-01
-7.776046458180606580e-01 1.284652241232217273e-01
-6.641391029892800280e-01 5.954465569950251336e-02
-5.584479971729943149e-01 -2.978131780086987201e-02
-4.675563677293498310e-01 -1.410135207223691678e-01
-4.026763298202193919e-01 -2.734246884801181388e-01
-3.729235015059079172e-01 -4.176779182381701316e-01
-3.725095148460065286e-01 -5.609169247639270717e-01
-3.916263510576860618e-01 -6.982240245177148141e-01
-4.261977359646413888e-01 -8.287483613296979801e-01
-4.755039089236300365e-01 -9.508846651434671449e-01
-5.396698068138903182e-01 -1.060722192729859126e+00
-6.179093880700908814e-01 -1.152105624564542241e+00
-7.071136454107339597e-01 -1.216471525742757853e+00
-7.988754009060115013e-01 -1.243571595877073221e+00
-8.776354932484249360e-01 -1.229285491881080272e+00
-9.306384842902846177e-01 -1.183303685178327624e+00
-9.525246624139728224e-01 -1.118119908463643286e+00
-9.456496998626153783e-01 -1.044286307904828792e+00
-9.192434029422683617e-01 -9.667617647450355012e-01
-8.780153326961309679e-01 -8.852612555471358613e-01
-8.208259645519383474e-01 -8.009023431660718950e-01
-7.461194346417463485e-01 -7.176454027928321766e-01
-6.540542790583145916e-01 -6.401376928836433056e-01
-5.460710583000242258e-01 -5.723791048608017906e-01
-4.239609791397768168e-01 -5.179394522850205851e-01
-2.895480682533692063e-01 -4.809874431609412193e-01
-1.454543484090590200e-01 -4.677675782841043683e-01
1.887824397383330854e-03 -4.867144354542682350e-01
1.403201322464014689e-01 -5.403740156244306592e-01
2.624757867251601984e-01 -6.175664771910752693e-01
3.693819717108800527e-01 -7.078920702450948177e-01
4.622734270464168849e-01 -8.076268146255749514e-01
5.400482670387204420e-01 -9.152589836650758537e-01
5.993322627415093029e-01 -1.028707619109495930e+00
6.353960664820325066e-01 -1.143952336555569271e+00
6.426809321417529253e-01 -1.253728349767558203e+00
6.169546244826149550e-01 -1.345268444008397069e+00
5.630934052185471161e-01 -1.402828242841840378e+00
4.964703978948262209e-01 -1.420672908367442311e+00
4.308604579713405380e-01 -1.401337305425839563e+00
3.737137640164668873e-01 -1.353246487584332858e+00
3.238277547121278799e-01 -1.287003761458883844e+00
2.786046600377586335e-01 -1.206038278302348221e+00
2.398729833440914894e-01 -1.110021123689936440e+00
2.118275481209219990e-01 -9.999716963692889538e-01
1.981581280652215393e-01 -8.786455991061622450e-01
2.013265520000547537e-01 -7.494258723409401579e-01
2.233075173056753016e-01 -6.157243896776321002e-01
2.666136934284658033e-01 -4.813279803808214741e-01
3.350494353887326637e-01 -3.518967295339712198e-01
4.317901566915866574e-01 -2.373973276247015596e-01
5.514626365663953811e-01 -1.482852797490719632e-01
6.812961101809384967e-01 -8.355745054250122983e-02
8.143127120806179509e-01 -3.770867764202671252e-02
9.482506349078694274e-01 -8.587917025533173265e-03
1.080993453492973266e+00 3.186968709726331617e-03
1.208677746384740459e+00 -4.315062861991762408e-03
1.325054359881065791e+00 -3.306990821722016749e-02
1.420432615079076699e+00 -8.396473856669907365e-02
1.480997379154756599e+00 -1.532471025459429259e-01
1.496689151199803280e+00 -2.272366676921563078e-01
1.472046179715871039e+00 -2.898398556237912205e-01
1.416970733690270379e+00 -3.313264120232996546e-01
1.343140093931207035e+00 -3.516114832768311160e-01
1.257945203032963644e+00 -3.577057493532639909e-01
1.162293333944174112e+00 -3.522292725564432625e-01
1.057313623870998143e+00 -3.328316639032706803e-01
9.464266512496991579e-01 -2.966148014774480091e-01
8.339171566476498709e-01 -2.421879714399073347e-01
7.238362999592642399e-01 -1.693496210780994216e-01
6.200918295611810294e-01 -7.814491275947468840e-02
5.274121108182044937e-01 3.172952181312674313e-02
4.530938026234877514e-01 1.604757666761228996e-01
4.070607473327810810e-01 3.045129528167309085e-01
3.923228346179163384e-01 4.531378482623128479e-01
4.004840754618150256e-01 5.979439546279512463e-01
4.255141272689273446e-01 7.366256953131145035e-01
4.655691417535996468e-01 8.679297291664628267e-01
5.204849395875618123e-01 9.889928192076964386e-01
5.899183386341013691e-01 1.094894187404074515e+00
6.721724143392816542e-01 1.178535110796776086e+00
7.622812701332086771e-01 1.230095639239072947e+00
8.479718936445769240e-01 1.239597678557967209e+00
9.118981103113631415e-01 1.208736294999115168e+00
9.442321228626896490e-01 1.151090506958378779e+00
9.437381399094528778e-01 1.079902569992396089e+00
9.189668368152050792e-01 1.003851127195240833e+00
8.780238883658335602e-01 9.241583929569077149e-01
8.214582893375053096e-01 8.409486904220861980e-01
7.476528942957920698e-01 7.573790174957318877e-01
6.563260983391516756e-01 6.780333414321608743e-01
5.487414785975157638e-01 6.070403345863637501e-01
4.267474257455857733e-01 5.478257738036441671e-01
2.922129983852667090e-01 5.038798657943787118e-01
1.472688397881517230e-01 4.799914549861606927e-01
-3.807926053948779144e-03 4.831288814575190882e-01
-1.517336779688890913e-01 5.179312671278448743e-01
-2.880452844448626593e-01 5.775621088189533126e-01
-4.115950039906868252e-01 6.525350960290097202e-01
-5.225557154771416357e-01 7.390030178378915737e-01
-6.195507435093003945e-01 8.353922453908989576e-01
-6.992057172860428604e-01 9.399772874724117155e-01
-7.566639786309627969e-01 1.049551465874533518e+00
-7.856687017568991793e-01 1.158164806933448698e+00
-7.795972190871927054e-01 1.254390536010983714e+00
-7.388059431355379347e-01 1.320713882635752290e+00
-6.775448708808969878e-01 1.346515999203174774e+00
-6.118144076041948098e-01 1.332516456168450381e+00
-5.510847558109612798e-01 1.287443960457624659e+00
-4.954848856130267265e-01 1.222997439051196400e+00
-4.429524334614878822e-01 1.142968062203304935e+00
-3.954191588409964875e-01 1.047004072676345654e+00
-3.571024588689864498e-01 9.359093085068588280e-01
-3.317614715906969103e-01 8.121619035971027190e-01
-3.219859287133796655e-01 6.788728108459705091e-01
-3.298814234236119858e-01 5.391612779310548387e-01
-3.580503325318690200e-01 3.963816497336075662e-01
-4.103615534204466675e-01 2.554024009990458755e-01
-4.900102771470440932e-01 1.247146779327693578e-01
-5.921435781182058378e-01 1.272358515851147731e-02
-7.064438899780351999e-01 -8.071388534773234202e-02
-8.276385448060927796e-01 -1.578194086258245532e-01
-9.534749363491885621e-01 -2.187279818484263449e-01
-1.081549111593573365e+00 -2.616227052636984629e-01
-1.207942314393582350e+00 -2.835990362576002455e-01
-1.326339319769125558e+00 -2.812533937790473448e-01
-1.426177609436873439e+00 -2.515425230868381101e-01
-1.491245243154361244e+00 -1.963968557794515957e-01
-1.509744791147363152e+00 -1.299887925043441417e-01
-1.485229151632972755e+00 -6.979838670031107695e-02
-1.428103326476952928e+00 -2.579796727747251522e-02
-1.351444765040810569e+00 3.409053059458773405e-03
-1.261192078612042966e+00 2.297176625131289868e-02
-1.157824249031564667e+00 3.275580020553023330e-02
-1.042967679784990498e+00 2.943473994511592445e-02
-9.200460502405756191e-01 1.002601516751824157e-02
-7.929757653527522709e-01 -2.698774578906118493e-02
-6.654595760284364170e-01 -8.230458971281183478e-02
-5.412449167649584503e-01 -1.566748964527982513e-01
-4.251731110488279342e-01 -2.514357266992088835e-01
-3.247852068591191577e-01 -3.674364418813383937e-01
-2.478310379031936073e-01 -5.001327698248122511e-01
-1.934427350553014069e-01 -6.400272233010385614e-01
-1.573292211325067469e-01 -7.816533617650435195e-01
-1.380728213849631847e-01 -9.226557050314438957e-01
-1.361451476901561486e-01 -1.060460175932758986e+00
-1.527965961946127216e-01 -1.190965436902298613e+00
-1.891600248802017548e-01 -1.307974680000033141e+00
-2.453046800630780955e-01 -1.401937833528832611e+00
-3.167180817787199620e-01 -1.458680334301205139e+00
-3.882735288606855573e-01 -1.466861179191319975e+00
-4.421351278399515139e-01 -1.432161751615868672e+00
-4.692704168742528603e-01 -1.368057294165375248e+00
-4.729774070016343757e-01 -1.288063602549234021e+00
-4.615146948361736334e-01 -1.198349780260271613e+00
-4.365724077467784126e-01 -1.099520339265570357e+00
-3.958939867153003500e-01 -9.936617039107453753e-01
-3.375770850432068260e-01 -8.848168914807239549e-01
-2.613246967531198672e-01 -7.772684444901202250e-01
-1.677716235759523222e-01 -6.747743463432339661e-01
-5.767814677092630848e-02 -5.809017159279317166e-01
6.838711016134937926e-02 -4.999747773709842247e-01
2.091738392591921680e-01 -4.383074430326591164e-01
3.594687318706802914e-01 -4.022253607214682503e-01
5.108904330721272258e-01 -3.900932674322661886e-01
6.589220777278819163e-01 -3.963091797551243078e-01
8.015256986173777687e-01 -4.185589456758516125e-01
9.362377785569039323e-01 -4.563074491459222504e-01
1.059085799527495819e+00 -5.094452595073640788e-01
1.164296794612545982e+00 -5.772890473524981969e-01
1.243434504105674687e+00 -6.575340628025411194e-01
1.284551926962280266e+00 -7.430816427762301224e-01
1.278538327688778731e+00 -8.171354301937221454e-01
1.233514067623397326e+00 -8.620970034983285180e-01
1.165957995363151367e+00 -8.716412475769679258e-01
1.089213748608621968e+00 -8.518237656170835059e-01
1.007937150816019756e+00 -8.133666757317892237e-01
9.221604756628252186e-01 -7.591697032536988132e-01
8.341977885793689929e-01 -6.879443188925066233e-01
7.483729541287482689e-01 -5.990258245168995632e-01
6.688981397467361756e-01 -4.933782901380514008e-01
5.991534425450997237e-01 -3.728007454415522282e-01
5.421408245846108809e-01 -2.392081554814344535e-01
5.013688646764479229e-01 -9.452217197460918707e-02
4.817537202394445162e-01 5.844201525956194132e-02
4.876704649491697130e-01 2.137276637235137056e-01
5.163269526619260752e-01 3.641904373777040682e-01
5.617323862159665504e-01 5.067953124615446336e-01
6.211935728542610224e-01 6.399892995329427015e-01
6.934712597855970939e-01 7.614968343113166505e-01
7.773447568457714230e-01 8.676301509008207402e-01
8.706572857172237834e-01 9.532067429312669482e-01
9.691611181015256093e-01 1.010936365863593478e+00
1.063335684227326272e+00 1.031116727196928151e+00
1.134547746376652677e+00 1.008174142563462494e+00
1.166484453782618003e+00 9.537753657494774107e-01
1.157069306358206928e+00 8.864267400867383850e-01
1.115976128816695612e+00 8.181017163143340376e-01
1.055277642544624639e+00 7.506591156428984446e-01
9.780452276843776271e-01 6.833305916569265559e-01
8.837982249209639374e-01 6.186351137592215332e-01
7.731571975214261983e-01 5.608579336956069916e-01
6.482562010136617703e-01 5.137261499951970567e-01
5.117970077157327768e-01 4.799107109415178263e-01
3.664846077583363559e-01 4.616207174664975210e-01
2.151286351831377675e-01 4.614079776599573912e-01
6.158598450029176274e-02 4.827216456205399298e-01
-8.785413505611211482e-02 5.277175609563216074e-01
-2.276517514241477025e-01 5.923153073109458377e-01
-3.562163324075424686e-01 6.709339917558817534e-01
-4.723487431983042217e-01 7.609176141945416250e-01
-5.739273083733767988e-01 8.604977548227893402e-01
-6.576183381437928910e-01 9.675175228763702728e-01
-7.188969618080849333e-01 1.078583718047854800e+00
-7.515950065521012080e-01 1.187730775177945119e+00
-7.483279843487943284e-01 1.283011926730065921e+00
-7.082656800631933480e-01 1.344213308842224341e+00
-6.475180568088512167e-01 1.358297839267510465e+00
-5.849869950315776945e-01 1.328739530064947161e+00
-5.293684187537615049e-01 1.268998298430368044e+00
-4.791438337296143324e-01 1.190805687758009324e+00
-4.332190750079312203e-01 1.096469651774001575e+00
-3.943997758132793408e-01 9.863093890811528430e-01
-3.666037804369836617e-01 8.621990237553064373e-01
-3.527205188505974642e-01 7.272112280523224115e-01
-3.545103483606930062e-01 5.846204318113308318e-01
-3.732997424423263322e-01 4.375754386570130938e-01
-4.106505341859226221e-01 2.893971419191768146e-01
-4.685177864062862740e-01 1.445202572139843711e-01
-5.467842471240389468e-01 8.891884125006355166e-03
-6.405145000389568244e-01 -1.139362287777917759e-01
-7.451067292440926026e-01 -2.232989892041426228e-01
-8.580561037439288219e-01 -3.180899477731921610e-01
-9.771045120917204452e-01 -3.962956339884720625e-01
-1.099263051838339056e+00 -4.549731112580490677e-01
-1.220021837873850989e+00 -4.902509509938903220e-01
-1.331667650488639776e+00 -4.970509650568009641e-01
-1.419557245292361491e+00 -4.706792648579539162e-01
-1.462915444720432223e+00 -4.165434328790084129e-01
-1.454928840985948213e+00 -3.549021489161957033e-01
-1.405322348108976938e+00 -3.025596348833224924e-01
-1.330178037566425164e+00 -2.628603972052110382e-01
-1.238795883796906860e+00 -2.316005172035117410e-01
-1.132485819667475857e+00 -2.082903147705491287e-01
-1.012553653659679309e+00 -1.959764714102911476e-01
-8.819799156840895105e-01 -1.978435073026178492e-01
-7.444217653970707227e-01 -2.157097001305726680e-01
-6.033805137306892385e-01 -2.503717969989304737e-01
-4.621540134039092695e-01 -3.022910838111755871e-01
-3.242725866505119514e-01 -3.720598098630699124e-01
-1.942814432658224455e-01 -4.601161023468225975e-01
-7.697021749721050243e-02 -5.643423285753877972e-01
2.597700246132750301e-02 -6.798807550864173210e-01
