5.646704819932171071e-06 1.500000000000000000e+00
2.660676775797534465e-05 1.499999995245508089e+00
7.071679028380822092e-05 1.499999973503769235e+00
1.442543174958518391e-04 1.499999907525112919e+00
2.534129992894195555e-04 1.499999743943391639e+00
4.045702996972028566e-04 1.499999392156599054e+00
6.040496108074317090e-04 1.499998712988732663e+00
8.580370568950177476e-04 1.499997505979028256e+00
1.172693224054529746e-03 1.499995493512709110e+00
1.554296863814608968e-03 1.499992300505919030e+00
2.009325448568380530e-03 1.499987429450712284e+00
2.544467048082339235e-03 1.499980231369340000e+00
3.166590541160080232e-03 1.499969873365019080e+00
3.882696552611615906e-03 1.499955303377519034e+00
4.699860122737965773e-03 1.499935212765105552e+00
5.625170472925147477e-03 1.499907997421459749e+00
6.665672697045119631e-03 1.499871718140365129e+00
7.828316765277079647e-03 1.499824060766475675e+00
9.119918454492682500e-03 1.499762296338506440e+00
1.054713453356187144e-02 1.499683241039610815e+00
1.211645165875296741e-02 1.499583215433884842e+00
1.383418591411714714e-02 1.499458002285135150e+00
1.570648826184718738e-02 1.499302802288484893e+00
1.773935044208208717e-02 1.499112187319105782e+00
1.993860597016290995e-02 1.498880051288347337e+00
2.230992165023500118e-02 1.498599559321028840e+00
2.485877627038845031e-02 1.498263096621009982e+00
2.759042466464205201e-02 1.497862218961044656e+00
3.050984690868497815e-02 1.497387607122706576e+00
3.362168385616647048e-02 1.496829027767710318e+00
3.693016135733726002e-02 1.496175303133510548e+00
4.043900623043926446e-02 1.495414291646931071e+00
4.415135734838376153e-02 1.494532881103715960e+00
4.806967509737915950e-02 1.493516995550701276e+00
5.219565205147334852e-02 1.492351616512749723e+00
5.653012711375476201e-02 1.491020818796732650e+00
6.107300473879612168e-02 1.489507820820426209e+00
6.582318029835206030e-02 1.487795049260566937e+00
7.077847227820861786e-02 1.485864217760281436e+00
7.593556184784200358e-02 1.483696419420049706e+00
8.128994042167247969e-02 1.481272232741002393e+00
8.683586607634281862e-02 1.478571840520779723e+00
9.256633001073827360e-02 1.475575160869216251e+00
9.847303452231091769e-02 1.472261989001139249e+00
1.045463841180966635e-01 1.468612147809480906e+00
1.107754913022643145e-01 1.464605644496709269e+00
1.171481982449156106e-01 1.460222829848865311e+00
1.236511149509806340e-01 1.455444556182958982e+00
1.302696737705586472e-01 1.450252329680870478e+00
1.369881992119994507e-01 1.444628452804245677e+00
1.437899911418983045e-01 1.438556152785566367e+00
1.506574186835852314e-01 1.432019692785670095e+00
1.575720215375580047e-01 1.425004463134982968e+00
1.645146150932232931e-01 1.417497051047569512e+00
1.714653955949912434e-01 1.409485288219159305e+00
1.784040417531221889e-01 1.400958276700957184e+00
1.853098095055191186e-01 1.391906394311763773e+00
1.921616170919561439e-01 1.382321281561405879e+00
1.989381181353481465e-01 1.372195812587290398e+00
2.056177609839646703e-01 1.361524052952739261e+00
2.121788331122640980e-01 1.350301207333069797e+00
2.185994898693893740e-01 1.338523560155391534e+00
2.248577672891031998e-01 1.326188412184106324e+00
2.309315790168818550e-01 1.313294015894647115e+00
2.367986976699923696e-01 1.299839512277222831e+00
2.424367211243561304e-01 1.285824871487614152e+00
2.478230243216993089e-01 1.271250839536951283e+00
2.529346972227380919e-01 1.256118893000618186e+00
2.577484694979704227e-01 1.240431203549083206e+00
2.622406224605589031e-01 1.224190613970178809e+00
2.663868886089149624e-01 1.207400627279662242e+00
2.701623389726099944e-01 1.190065410513273969e+00
2.735412582488314093e-01 1.172189814876579250e+00
2.764970074922092347e-01 1.153779414105167156e+00
2.790018738835349232e-01 1.134840563180183448e+00
2.810269068716077512e-01 1.115380479958192339e+00
2.825417397653128271e-01 1.095407352838406956e+00
2.835143956711502766e-01 1.074930478321310945e+00
2.839110765470067022e-01 1.053960433237669303e+00
2.836959341036972004e-01 1.032509287585649416e+00
2.828308213775911351e-01 1.010590865338617750e+00
2.812750240763086107e-01 9.882210623381182391e-01
2.789849713548812060e-01 9.654182325171138945e-01
2.759139266371963828e-01 9.422036562759414924e-01
2.720116606403252812e-01 9.186021079294710567e-01
2.672241111563204985e-01 8.946425428087271259e-01
2.614930377808508122e-01 8.703589288596897955e-01
2.547556852023892815e-01 8.457912523753742251e-01
2.469444766547401193e-01 8.209867326058264414e-01
2.379867707630738405e-01 7.960012848962233489e-01
2.278047317198804989e-01 7.709012756545892131e-01
2.163153863585736969e-01 7.457656128886782643e-01
2.034309744231773132e-01 7.206882098080100718e-01
1.890597423110523811e-01 6.957808402131422376e-01
1.731073869511954855e-01 6.711763636999754645e-01
1.554794233040695528e-01 6.470322219351020143e-01
1.360848169095183746e-01 6.235339750091115629e-01
1.148412680117203571e-01 6.008984369331287212e-01
9.168250696569857361e-02 5.793756664679330370e-01
6.656777763258502068e-02 5.592486899226777330e-01
3.949323081136267566e-02 5.408294704664314834e-01
1.050412453215771730e-02 5.244495267696155372e-01
-2.029441868301578439e-02 5.104441356895694781e-01
-5.273141067327395681e-02 4.991306343891757646e-01
-8.657217788709950512e-02 4.907839290652052933e-01
-1.215303777479867370e-01 4.856148558904773704e-01
-1.572879400275873918e-01 4.837575461271944044e-01
-1.935175295167185228e-01 4.852690743435024712e-01
-2.299012866955840173e-01 4.901395836493174230e-01
-2.661422710648230217e-01 4.983072352714343900e-01
-3.019690769630972715e-01 5.096722221080627335e-01
-3.371365969722195377e-01 5.241068848408557690e-01
-3.714258841972432057e-01 5.414620887831330664e-01
-4.046445339282325193e-01 5.615716467219815655e-01
-4.366274685251711474e-01 5.842565454196320118e-01
-4.672372605933105549e-01 6.093298585482604945e-01
-4.963631516859768888e-01 6.366023246388857748e-01
-5.239183372342921530e-01 6.658880349327205295e-01
-5.498355404226368259e-01 6.970095413035723997e-01
-5.740612037548949997e-01 7.298018159828885132e-01
-5.965487481061749753e-01 7.641147115975146509e-01
-6.172513241940312811e-01 7.998137689683291196e-01
-6.361143730029975574e-01 8.367793466842032846e-01
-6.530681727798128833e-01 8.749040902964252409e-01
-6.680204095417057175e-01 9.140887305637015459e-01
-6.808486693993257566e-01 9.542361062161207608e-01
-6.913926045108936824e-01 9.952431299406160337e-01
-6.994453665389549490e-01 1.036990102190307406e+00
-7.047437634389528416e-01 1.079326225424295460e+00
-7.069565949343068478e-01 1.122049227187358111e+00
-7.056710836229282968e-01 1.164875463689619250e+00
-7.003790749967673257e-01 1.207394617416277294e+00
-6.904697547386969836e-01 1.249000674881201700e+00
-6.752483228793713099e-01 1.288791860517795484e+00
-6.540260313047835394e-01 1.325450119854564957e+00
-6.263565104040530462e-01 1.357178447681113065e+00
-5.924401058878336901e-01 1.381903797672114687e+00
-5.534254629291791572e-01 1.397915985167535569e+00
-5.111221074949048315e-01 1.404518404607388860e+00
-4.672992759673397778e-01 1.401979116170943840e+00
-4.232903472077245710e-01 1.391023365232565645e+00
-3.800134582385594761e-01 1.372450689941554280e+00
-3.381238506616223161e-01 1.346976278422776785e+00
-2.981422812135768874e-01 1.315205430075172099e+00
-2.605312333330309649e-01 1.277665048845990858e+00
-2.257245909366983883e-01 1.234848912068398530e+00
-1.941249696738610031e-01 1.187249334936734124e+00
-1.660910225966365505e-01 1.135362357954042167e+00
-1.419368679913784181e-01 1.079670712530213850e+00
-1.219560374107033218e-01 1.020619904731465910e+00
-1.064709526435198284e-01 9.586046910174513824e-01
-9.590153006122550949e-02 8.939802434438705037e-01
-9.084270195922491964e-02 8.271092361121117342e-01
-9.213713885754340471e-02 7.584547130176495511e-01
-1.009223527923755054e-01 6.887279403030975855e-01
-1.186154643515510143e-01 6.190961117523439139e-01
-1.467678080405696583e-01 5.514328006259024972e-01
-1.866813995877266430e-01 4.885191956418768466e-01
-2.387048943168999793e-01 4.339343230496366388e-01
-3.014289167471209119e-01 3.912264019571143336e-01
-3.716010444188813100e-01 3.624113923191202846e-01
-4.453984980473164046e-01 3.470784219571763640e-01
-5.200048333248787902e-01 3.432402841251384618e-01
-5.939794350187657113e-01 3.488820845686972372e-01
-6.666191933260213753e-01 3.627415631836830578e-01
-7.372879894539093870e-01 3.842236059403014714e-01
-8.051579571872510277e-01 4.129922463700380075e-01
-8.692750351998073111e-01 4.486513639523609376e-01
-9.287198650907017017e-01 4.906287958627439938e-01
-9.827197590338712097e-01 5.382093373283470816e-01
-1.030667173501710998e+00 5.906339606201411740e-01
-1.072042491705245792e+00 6.472021226506057268e-01
-1.106248424237541439e+00 7.073261624873453668e-01
-1.132367073780003119e+00 7.704875701770774743e-01
-1.148850540508569607e+00 8.360343348531785734e-01
-1.153168289625501775e+00 9.027065422562444708e-01
-1.141621132559659024e+00 9.676658809977016773e-01
-1.110410691140489181e+00 1.025112175304367934e+00
-1.059727649794667714e+00 1.067216802034747447e+00
-9.959326172572897651e-01 1.090129121836231008e+00
-9.258321101997315505e-01 1.095224624160222815e+00
-8.534249874843344852e-01 1.085217390402096527e+00
-7.808256597165270652e-01 1.062323355325557328e+00
-7.094096308744736179e-01 1.027950003676586510e+00
-6.403955149805924396e-01 9.829540486744061667e-01
-5.750555912176633644e-01 9.279223484062302241e-01
-5.147816722732255768e-01 8.633563397872942025e-01
-4.611310522688253921e-01 7.897628022287495053e-01
-4.159320930524079696e-01 7.076989394823660628e-01
-3.815022711700220559e-01 6.178599405700390124e-01
-3.609845813233878431e-01 5.213541246007059593e-01
-3.586575639153391504e-01 4.203896186113629252e-01
-3.796073994681954389e-01 3.195356490359295698e-01
-4.273772406458495876e-01 2.267552961143545764e-01
-4.994858262472092747e-01 1.510591795358280365e-01
-5.869389969025851084e-01 9.616522793813865599e-02
-6.810897714757859767e-01 5.928926856460433464e-02
-7.777381733398205377e-01 3.632345995421292634e-02
-8.755056942979739798e-01 2.503677741670225221e-02
-9.734082768589670254e-01 2.521310309212376061e-02
-1.069704567858792643e+00 3.752336759493882234e-02
-1.161863357039956579e+00 6.249875109690748720e-02
-1.246920069917287099e+00 1.000434566186540475e-01
-1.321772929498644888e+00 1.493285522997846726e-01
-1.383287516182881483e+00 2.088608188252448483e-01
-1.428106925889370826e+00 2.765572913427184476e-01
-1.452202482532810146e+00 3.494283087542695010e-01
-1.451199489308671264e+00 4.224919414724007671e-01
-1.423244734204895723e+00 4.884714194130534981e-01
-1.371899012949389540e+00 5.410202815784015407e-01
-1.303746974029846406e+00 5.780471946903507074e-01
-1.224039343031013249e+00 6.002638279275233080e-01
-1.135978105633737911e+00 6.082012326949535197e-01
-1.042181410258645968e+00 6.015585110364051191e-01
-9.454247783018452367e-01 5.798670278910402764e-01
-8.485675212246682753e-01 5.429351230128532935e-01
-7.544167018905720834e-01 4.907821196933186414e-01
-6.659120285403195005e-01 4.233392377237055748e-01
-5.867458254240153215e-01 3.402155848523510384e-01
-5.225195423097048764e-01 2.408978525847522700e-01
-4.821843645080201579e-01 1.262578163687312072e-01
-4.772888990086129879e-01 2.444267363826066464e-03
-5.134457005462316204e-01 -1.166380154421021997e-01
-5.810851948521043031e-01 -2.187186738316129198e-01
-6.656253730643025834e-01 -3.023275193210482326e-01
-7.589835288496676879e-01 -3.710009639553625838e-01
-8.585615740571846954e-01 -4.271359793180851128e-01
-9.634953827758856448e-01 -4.701810296759175167e-01
-1.072109433918402521e+00 -4.974209743682732610e-01
-1.180892806680312823e+00 -5.053148289297550999e-01
-1.284053200015174756e+00 -4.905422149711213820e-01
-1.373128927531348742e+00 -4.514726899118102765e-01
-1.438410108366947382e+00 -3.911291458680896671e-01
-1.474191372999098970e+00 -3.182412452910658995e-01
-1.479819477461358890e+00 -2.423531878104642212e-01
-1.457103704220763962e+00 -1.712589085366905128e-01
-1.411718483983986028e+00 -1.091417453717432873e-01
-1.350170029953677853e+00 -5.505447552796585015e-02
-1.274795518216194745e+00 -7.792434413075491340e-03
-1.185967954513569955e+00 3.065780045822277117e-02
-1.085253468655084763e+00 5.670192351201056719e-02
-9.756175292153645984e-01 6.723996730244882758e-02
-8.605569379736022206e-01 6.018540713870679931e-02
-7.436797284646965434e-01 3.384517607764058605e-02
-6.291490805015121923e-01 -1.396852642274633294e-02
-5.232394378832773141e-01 -8.656133450934143381e-02
-4.371671454643261123e-01 -1.871466062953713316e-01
-3.869782814127628590e-01 -3.122923521857456919e-01
-3.796511215288941310e-01 -4.462292223457060558e-01
-4.039594272263899999e-01 -5.744863342601094214e-01
-4.477681036881811516e-01 -6.933298973787824782e-01
-5.056610661532947582e-01 -8.032783111491005323e-01
-5.765606986331510697e-01 -9.036362702456496310e-01
-6.604594687925110508e-01 -9.908608067769190120e-01
-7.561435764125682413e-01 -1.058934581189712620e+00
-8.595813859973263638e-01 -1.099925777046509623e+00
-9.615927593265987117e-01 -1.105717530709216190e+00
-1.048016736881052458e+00 -1.075274081547310967e+00
-1.109256170622743065e+00 -1.018874818859448528e+00
-1.141527182024351994e+00 -9.473440339600838200e-01
-1.144624107940881652e+00 -8.695421020416131963e-01
-1.124777812750549888e+00 -7.909293820039944301e-01
-1.088843349352793366e+00 -7.113878769320405304e-01
-1.037417941273891531e+00 -6.305384641875130258e-01
-9.687348870111293087e-01 -5.515053970569636643e-01
-8.824293898040889150e-01 -4.793296085223988090e-01
-7.799581457924362748e-01 -4.188178125747228919e-01
-6.636701382843517294e-01 -3.741459761314440136e-01
-5.363164712929284761e-01 -3.497468460783202948e-01
-4.017159243370952426e-01 -3.517254854059227998e-01
-2.674749057903806904e-01 -3.888296181215772362e-01
-1.491954863259329911e-01 -4.681463724301678786e-01
-6.373543539870332730e-02 -5.814559241662242695e-01
-1.036403927166464761e-02 -7.084584044326187602e-01
2.064395371605470819e-02 -8.378890645626635436e-01
3.492406444942208060e-02 -9.673808128067741263e-01
3.276322023858337096e-02 -1.096237020301829013e+00
1.108017985122264001e-02 -1.221316744599712178e+00
-3.400615668659431878e-02 -1.335368238961289755e+00
-1.045675821706040232e-01 -1.425635339859466333e+00
-1.944233817177782042e-01 -1.474879752835225544e+00
-2.850374078468796979e-01 -1.478410368754836668e+00
-3.625652665801225583e-01 -1.448035187395731338e+00
-4.195927834830253111e-01 -1.392463946767496186e+00
-4.537884623670557227e-01 -1.320396045929830731e+00
-4.711053356057171571e-01 -1.238742554619209679e+00
-4.774136954008122991e-01 -1.148175947242218831e+00
-4.714024854761272865e-01 -1.047849928383875584e+00
-4.487687418304681652e-01 -9.401755426810738392e-01
-4.062721283018092544e-01 -8.299429825386215320e-01
-3.425696495814060660e-01 -7.224650148563145358e-01
-2.572376526375461103e-01 -6.231694449771142397e-01
-1.500217458675804638e-01 -5.386321669373058674e-01
-2.142565961656375806e-02 -4.786656769808936840e-01
1.232244761803728272e-01 -4.575593665081744144e-01
2.678291587226924730e-01 -4.847495844853074720e-01
3.965556446691824166e-01 -5.482279747876204201e-01
5.080753840184263348e-01 -6.299852317649332623e-01
6.059349669202725996e-01 -7.225652252242857898e-01
6.910003440964104238e-01 -8.249313333538309534e-01
7.592873991484964113e-01 -9.371998358724099587e-01
8.026042047796518863e-01 -1.056893850058861384e+00
8.095156448799649684e-01 -1.175509915700399866e+00
7.711712503747847336e-01 -1.273469111014495336e+00
7.003561746054524084e-01 -1.332185985199051403e+00
6.188786901693807962e-01 -1.354203180055239431e+00
5.389025615041704853e-01 -1.342781274086545684e+00
4.681442705219799327e-01 -1.303911913553968072e+00
4.059092864186276683e-01 -1.247283431176891666e+00
3.469210573492867988e-01 -1.177308168396222099e+00
2.911727766667460138e-01 -1.092120237300681307e+00
2.437237505377695679e-01 -9.906064592094530052e-01
2.105137327557816129e-01 -8.744152500146046281e-01
1.962700450327585777e-01 -7.469623754183637443e-01
2.050521499340422771e-01 -6.124520399084524280e-01
2.415336398730305867e-01 -4.763361706106971072e-01
3.116200096939540365e-01 -3.475570844712863039e-01
4.189660512975695861e-01 -2.417654095501849676e-01
5.538542495826913603e-01 -1.747880971573675390e-01
6.962445895644819860e-01 -1.430331331031471365e-01
8.364356059511737218e-01 -1.334148401276396001e-01
9.737087795672001445e-01 -1.396955623926704748e-01
1.107870919774997853e+00 -1.622004942812854122e-01
1.234686591320651949e+00 -2.049017975524347057e-01
1.343697908297888821e+00 -2.721047950283299044e-01
1.415554908459788708e+00 -3.637196081778232282e-01
1.429340231218922952e+00 -4.627150369289746434e-01
1.396969620766967513e+00 -5.455021777912499870e-01
1.337208349399427565e+00 -6.037697558839436596e-01
1.261116843106340868e+00 -6.338115904670615919e-01
1.178048951295661784e+00 -6.389915741801917015e-01
1.090438255166619630e+00 -6.291258501321801422e-01
9.954706628337706142e-01 -6.074953337581929791e-01
8.934485172552304455e-01 -5.705724748482483566e-01
7.889298910444992874e-01 -5.142456862113680138e-01
6.879458593287726131e-01 -4.366064227079105575e-01
5.965190376907565373e-01 -3.374939863020343656e-01
5.212937167758432411e-01 -2.174852023370555942e-01
4.712859563222483450e-01 -7.822951125135951811e-02
4.590725082801987433e-01 7.440979550791207431e-02
4.939070533068155577e-01 2.251710062560498271e-01
5.652801699026426263e-01 3.581926669076093139e-01
6.540893898231053827e-01 4.728547351503182283e-01
7.525148679525140993e-01 5.738445275419654656e-01
8.601595437323746873e-01 6.624201747308293697e-01
9.778835247731538782e-01 7.339197746572568848e-01
1.103217335901574225e+00 7.779562933066863639e-01
1.224865955424330854e+00 7.788929046738903850e-01
1.314237033125564169e+00 7.266811479281970465e-01
1.355019303230155847e+00 6.459291292201138068e-01
1.357063347659732022e+00 5.610486021603906526e-01
1.325885201731059393e+00 4.837336627479207896e-01
1.270563814419304993e+00 4.198688090184893307e-01
1.200888755232071725e+00 3.649327535657616584e-01
1.118188941289100402e+00 3.131843616628856575e-01
1.019781916214910655e+00 2.662363234272184798e-01
9.053524552295387773e-01 2.301673541740722195e-01
7.774492993085770909e-01 2.110502981783532184e-01
6.401054421821688045e-01 2.136772494617002749e-01
4.983885288661267787e-01 2.426410839527672336e-01
3.597878611295621809e-01 3.033631840667089241e-01
2.371344502230933182e-01 4.006752883027280276e-01
1.471983210507389339e-01 5.303675269025986960e-01
9.333891553138948249e-02 6.741076721829399876e-01
6.307139566049708990e-02 8.184104735171668921e-01
4.846461611103231037e-02 9.613554349244082253e-01
4.925773043449847843e-02 1.103654206430849882e+00
7.057312076258072386e-02 1.242432466802687596e+00
1.198181526916526213e-01 1.367488718994330332e+00
2.018208562534736794e-01 1.455880013978517074e+00
2.995820305066966283e-01 1.476699623903049208e+00
3.827763169303270985e-01 1.444845644410559515e+00
4.413102790284140209e-01 1.382892946491178776e+00
4.711463259347263288e-01 1.303259038289967586e+00
4.763450227575782292e-01 1.216399920211221009e+00
4.675422507541702744e-01 1.124541284841733324e+00
4.477168585680532664e-01 1.024137593394369716e+00
4.128179795260029095e-01 9.152414641144147600e-01
3.581164312653334347e-01 8.024107575090029254e-01
2.810735065521872134e-01 6.918085027104480256e-01
1.808103067747383053e-01 5.898551705686009283e-01
5.718525796279254336e-02 5.041213191429154694e-01
-8.829123343367624444e-02 4.451684312854232717e-01
-2.481063864620158266e-01 4.260526318629240250e-01
-4.057423323308168017e-01 4.503877191982806338e-01
-5.502128783265152201e-01 5.024031740073737762e-01
-6.830588878516323792e-01 5.683557605099197607e-01
-8.070044116191530392e-01 6.455674629052532421e-01
-9.199012795505141504e-01 7.363812404153590174e-01
-1.012292040422066108e+00 8.430672166493333730e-01
-1.065470064095131786e+00 9.622763740132620480e-01
-1.053186464178127890e+00 1.071159949709948878e+00
-9.868816863558966812e-01 1.134697390373220260e+00
-9.035497973460432375e-01 1.158089046670585986e+00
-8.185123159457621256e-01 1.144422002566443330e+00
-7.417542599622258814e-01 1.101776783925233927e+00
-6.722237950004400497e-01 1.042049555347882794e+00
-6.032968039800539195e-01 9.692829552804750337e-01
-5.346106979373037582e-01 8.803274150235664841e-01
-4.717953918679578251e-01 7.729159563158579660e-01
-4.217523417980755251e-01 6.477132244583634346e-01
-3.905132127813032428e-01 5.073752906531475704e-01
-3.841110433301280214e-01 3.557497622914327917e-01
-4.098169011905554160e-01 1.990477641439057366e-01
-4.746922060889807726e-01 4.885984861660777612e-02
-5.761305036145351055e-01 -7.906872862893196685e-02
-6.965877928795707330e-01 -1.808132778705037191e-01
-8.234316047913979864e-01 -2.648217818790712386e-01
-9.552047615128840263e-01 -3.355841935747743143e-01
-1.093111618847085742e+00 -3.906153913938221200e-01
-1.234891601886366930e+00 -4.207579029730840747e-01
-1.368889838457568731e+00 -4.111700304423956398e-01
-1.461640458825345767e+00 -3.483765566755725462e-01
-1.482806233640968641e+00 -2.592622958887165763e-01
-1.458563466155412103e+00 -1.763065475136064708e-01
-1.400553725668131300e+00 -1.118941958399927300e-01
-1.321800887625645737e+00 -7.056012364686900518e-02
-1.232468880265908062e+00 -4.480758315625318899e-02
-1.132485562118653588e+00 -2.634802368349385693e-02
-1.018761068448590601e+00 -1.639717926806544615e-02
-8.922732071040986312e-01 -2.098633030284410839e-02
-7.572258397057438639e-01 -4.567940274009377882e-02
-6.190307371164270878e-01 -9.417689349684420230e-02
-4.840436548409560169e-01 -1.695013961072189268e-01
-3.611456231159279051e-01 -2.743898968773070268e-01
-2.631949594103498713e-01 -4.083792749642978226e-01
-2.004292704264092340e-01 -5.609017102018700740e-01
-1.660459634762547765e-01 -7.164356156268716358e-01
-1.483855361806619422e-01 -8.699843710998150792e-01
-1.450061027870458152e-01 -1.022549666856402251e+00
-1.600772054613317785e-01 -1.172898332652737130e+00
-2.012401444275211670e-01 -1.312848025477603153e+00
-2.757569682778400200e-01 -1.421842792589437021e+00
-3.740207831521485948e-01 -1.461087982610091318e+00
-4.564083272150224468e-01 -1.430378736679924989e+00
-5.103235912343870861e-01 -1.365790481098771325e+00
-5.310316428760974983e-01 -1.282503862591551469e+00
-5.232602042166871747e-01 -1.193477793441651613e+00
-5.000392999589982068e-01 -1.101398251326477729e+00
-4.657592314984687620e-01 -1.001517978414073085e+00
-4.164388490724419967e-01 -8.933294454947986463e-01
-3.473304530795778833e-01 -7.816468247780778977e-01
-2.561944287749383653e-01 -6.728985721657323449e-01
-1.427098223039502123e-01 -5.733853810470490586e-01
-7.397928279462867573e-03 -4.900995515693342686e-01
1.475013308535100820e-01 -4.321963308841820228e-01
3.143676605074307018e-01 -4.095261510983985165e-01
4.796141431497884522e-01 -4.214710356999691321e-01
6.367470443271876501e-01 -4.541302282610154006e-01
7.870627945912440637e-01 -5.004465882966004919e-01
9.301787499232556655e-01 -5.616271698802399737e-01
1.059847419278778347e+00 -6.413866477676259947e-01
1.161635020985711586e+00 -7.417111496076685961e-01
1.208762666317021672e+00 -8.547881848898191137e-01
1.180493096189161539e+00 -9.441081360769510988e-01
1.112650764359977673e+00 -9.912658926247989166e-01
1.031096552211255846e+00 -9.974086810936680925e-01
9.506896408501368523e-01 -9.674773891434059747e-01
8.755678716298676001e-01 -9.154678678220281585e-01
7.991184945376125226e-01 -8.506615113861895061e-01
7.186682819095460140e-01 -7.705807468142232830e-01
6.388993329858250192e-01 -6.715009860460490199e-01
5.668519891529769650e-01 -5.525577572466278120e-01
5.086100360811425247e-01 -4.154052456788708270e-01
4.696459371040110353e-01 -2.627144556692289079e-01
4.562283937774232467e-01 -9.835391891514733143e-02
4.753691682952509989e-01 7.049837813860196367e-02
5.285118028588521311e-01 2.320982920093495050e-01
6.039933368539935898e-01 3.798255255694964472e-01
6.921252073129047222e-01 5.160458437699716461e-01
7.923232934830733987e-01 6.408587134731225099e-01
9.058543484128513956e-01 7.491421231083871257e-01
1.031387159090584982e+00 8.296718867699407474e-01
1.159295412818091897e+00 8.637597310002842477e-01
1.257477416057157793e+00 8.325494026473224674e-01
1.298391026262960990e+00 7.612744355796540185e-01
1.292533648845627159e+00 6.833799682971120060e-01
1.246911014957508668e+00 6.148404789394061876e-01
1.176460994539203053e+00 5.599291754357319517e-01
1.092768857251599890e+00 5.093974853913580958e-01
9.939430424504697159e-01 4.589478135210387499e-01
8.771150403065850476e-01 4.131861196543681891e-01
7.430179427323340136e-01 3.793303128884422670e-01
5.949934898382471804e-01 3.628753091632583860e-01
4.371664263914499804e-01 3.678150421499717937e-01
2.744367898874866540e-01 3.981043525257743076e-01
1.139889249950383487e-01 4.578444724832623769e-01
-3.393931932395105600e-02 5.472957997595370161e-01
-1.639344786651268093e-01 6.566277758451012359e-01
-2.793235563579802294e-01 7.766771200237351236e-01
-3.800974430928785730e-01 9.061271132614816537e-01
-4.614825411946202882e-01 1.044445429113176393e+00
-5.142357002124161580e-01 1.187743067697667687e+00
-5.246536155817600466e-01 1.324135427355106698e+00
-4.807278778171227285e-01 1.422909134027875888e+00
-4.059412109312843797e-01 1.455486891653154702e+00
-3.332461500093124585e-01 1.437217011902781838e+00
-2.789178245003323120e-01 1.378957430248234139e+00
-2.450325639589206184e-01 1.297173620805492034e+00
-2.191024702180378592e-01 1.203036438977874489e+00
-1.967278074182497727e-01 1.094023237829518047e+00
-1.830936314251285779e-01 9.683531369965170388e-01
-1.851128788298091743e-01 8.285973244991546860e-01
-2.071198271513132183e-01 6.794991905871212712e-01
-2.515239062968961381e-01 5.260226772544585039e-01
-3.203040586078486074e-01 3.735088662154826822e-01
-4.150311327898241198e-01 2.288946598689195200e-01
-5.337962001365761378e-01 1.006610552457232466e-01
-6.676798668774710510e-01 -8.226624044090233290e-03
-8.099193152946140284e-01 -1.011362028640546140e-01
-9.590314258552226079e-01 -1.769443363162540028e-01
-1.112725929447112128e+00 -2.308371338946011153e-01
-1.264808471555169511e+00 -2.550887166533664652e-01
-1.400989509974328362e+00 -2.396750733781077558e-01
-1.490281492726850399e+00 -1.800149410548070317e-01
-1.509727744902969571e+00 -1.033690163861808453e-01
-1.477942424681250921e+00 -3.898323093790380389e-02
-1.409010978011804305e+00 -1.458300901988521248e-03
-1.320637462899687531e+00 1.213545151305371779e-02
-1.221031379629427871e+00 1.688879074871588171e-02
-1.106615007642218318e+00 1.494530807086668668e-02
-9.774769625725420186e-01 1.830546104650485062e-04
-8.380637419912445596e-01 -3.333313634660450137e-02
-6.939893648351381783e-01 -8.825671939509152630e-02
-5.504441713936625291e-01 -1.654085174758548882e-01
-4.126987592174329866e-01 -2.650615561564056977e-01
-2.869678178770704857e-01 -3.865998453426691683e-01
-1.792554875861634978e-01 -5.260726022062406360e-01
-8.976600890391174536e-02 -6.759934519838586287e-01
-1.692091078706241258e-02 -8.324051098371936241e-01
3.658703703134792012e-02 -9.932048490521833140e-01
6.600544841874990409e-02 -1.154212869420052412e+00
6.499785751771061659e-02 -1.307075618158461294e+00
2.673731067251156057e-02 -1.434819152903489492e+00
-4.514793915929490864e-02 -1.506077803737527976e+00
-1.192157325080848984e-01 -1.508573673317711750e+00
-1.710571787941143063e-01 -1.462691930291127873e+00
-1.897111930534658153e-01 -1.384846912592945456e+00
-1.859264321054701907e-01 -1.292536461476696763e+00
-1.738175655964132316e-01 -1.188821673955294367e+00
-1.515097273562752700e-01 -1.070473999301804202e+00
-1.125083681310836137e-01 -9.401872034722993376e-01
-5.269582254758585493e-02 -8.038369919371682881e-01
2.872016434973892474e-02 -6.671673034960438065e-01
1.311709376029423779e-01 -5.350880069711625442e-01
2.534512698004393050e-01 -4.123732654287123323e-01
3.930403748377023776e-01 -3.038334882893124478e-01
5.449608323640517948e-01 -2.122158570277248857e-01
7.045148026052467927e-01 -1.368406472777837779e-01
8.692331829707528046e-01 -7.939472988452712932e-02
1.035648818568076113e+00 -4.345480880334713636e-02
1.197756751049438018e+00 -3.345504528550642676e-02
1.345027243708978082e+00 -5.453556097703445016e-02
1.457043669951897158e+00 -1.102308956358431374e-01
1.503980221996439548e+00 -1.871471135803474684e-01
1.487359888521767592e+00 -2.529336428592564023e-01
1.426798684401308526e+00 -2.875740688226089969e-01
1.341291945373944472e+00 -2.876155165740970632e-01
1.244810406814593984e+00 -2.714045917377144734e-01
1.135279092402855072e+00 -2.461329904863467921e-01
1.012290682124729946e+00 -2.066349034969213738e-01
8.809879282391530619e-01 -1.473923563303278783e-01
7.477057612900701589e-01 -6.665115237520193026e-02
6.176671230232916310e-01 3.481283917205478529e-02
4.951899097110002423e-01 1.553004564454971703e-01
3.840507023702304790e-01 2.922037504874324121e-01
2.866018714070063256e-01 4.415727364484391959e-01
2.030525324352436267e-01 5.996677771702010329e-01
1.355787244839488093e-01 7.645501316134070136e-01
8.799788026356394899e-02 9.331798928579829733e-01
6.408757842627367529e-02 1.100534021124888184e+00
6.796133900488281199e-02 1.258906115247732549e+00
1.039465012298915747e-01 1.394842365014623109e+00
1.708239464852135958e-01 1.483191534178264881e+00
2.442242854611245129e-01 1.501561889248496540e+00
2.953336989430139781e-01 1.463532596369626848e+00
3.091792307237651860e-01 1.387760676844356444e+00
2.958575828810393604e-01 1.294968623864604096e+00
2.720899075595313299e-01 1.190730411101811104e+00
2.361940229061503249e-01 1.072200785912001075e+00
1.822076167691692727e-01 9.428477822442630218e-01
1.069824142703061504e-01 8.090916851210381289e-01
1.089793508310737957e-02 6.766978858318921652e-01
-1.041655143332449462e-01 5.500693328573695862e-01
-2.353722819829605073e-01 4.326202624707471411e-01
-3.786678006247586881e-01 3.260740366554129022e-01
-5.305921955345748176e-01 2.298121158413485299e-01
-6.908304943339591553e-01 1.463235869638607745e-01
-8.574726313443631343e-01 8.095948253932666594e-02
-1.026036658202783558e+00 3.779157407024100190e-02
-1.190149825463739042e+00 2.072022772695987156e-02
-1.339916103403492764e+00 3.410253331409397737e-02
-1.456685964643237519e+00 8.134847838178246859e-02
-1.511295850711404043e+00 1.518267383762161860e-01
-1.498311636234466837e+00 2.137478741216439770e-01
-1.435602483134820195e+00 2.437694949570892722e-01
-1.345386389593003829e+00 2.401155880235457674e-01
-1.242782614818738862e+00 2.223344720754452108e-01
-1.125560063336187744e+00 1.940449416270542404e-01
-9.951191957116589659e-01 1.496576960844797077e-01
-8.573691113416224141e-01 8.480511967615030067e-02
