5.646704819932171071e-06 1.500000000000000000e+00
2.660676775797534465e-05 1.499999995245508089e+00
7.071679028380822092e-05 1.499999973503769235e+00
1.442543174958518391e-04 1.499999907525112919e+00
2.534129992894195555e-04 1.499999743943391639e+00
4.045702996972028566e-04 1.499999392156599054e+00
6.040496108074317090e-04 1.499998712988732663e+00
8.580370568950177476e-04 1.499997505979028256e+00
1.172693224054529746e-03 1.499995493512709110e+00
1.554296863814608968e-03 1.499992300505919030e+00
2.009325448568380530e-03 1.499987429450712284e+00
2.544467048082339235e-03 1.499980231369340000e+00
3.166590541160080232e-03 1.499969873365019080e+00
3.882696552611615906e-03 1.499955303377519034e+00
4.699860122737965773e-03 1.499935212765105552e+00
5.625170472925147477e-03 1.499907997421459749e+00
6.665672697045119631e-03 1.499871718140365129e+00
7.828316765277079647e-03 1.499824060766475675e+00
9.119918454492682500e-03 1.499762296338506440e+00
1.054713453356187144e-02 1.499683241039610815e+00
1.211645165875296741e-02 1.499583215433884842e+00
1.383418591411714714e-02 1.499458002285135150e+00
1.570648826184718738e-02 1.499302802288484893e+00
1.773935044208208717e-02 1.499112187319105782e+00
1.993860597016290995e-02 1.498880051288347337e+00
2.230992165023500118e-02 1.498599559321028840e+00
2.485877627038845031e-02 1.498263096621009982e+00
2.759042466464205201e-02 1.497862218961044656e+00
3.050984690868497815e-02 1.497387607122706576e+00
3.362168385616647048e-02 1.496829027767710318e+00
3.693016135733726002e-02 1.496175303133510548e+00
4.043900623043926446e-02 1.495414291646931071e+00
4.415135734838376153e-02 1.494532881103715960e+00
4.806967509737915950e-02 1.493516995550701276e+00
5.219565205147334852e-02 1.492351616512749723e+00
5.653012711375476201e-02 1.491020818796732650e+00
6.107300473879612168e-02 1.489507820820426209e+00
6.582318029835206030e-02 1.487795049260566937e+00
7.077847227820861786e-02 1.485864217760281436e+00
7.593556184784200358e-02 1.483696419420049706e+00
8.128994042167247969e-02 1.481272232741002393e+00
8.683586607634281862e-02 1.478571840520779723e+00
9.256633001073827360e-02 1.475575160869216251e+00
9.847303452231091769e-02 1.472261989001139249e+00
1.045463841180966635e-01 1.468612147809480906e+00
1.107754913022643145e-01 1.464605644496709269e+00
1.171481982449156106e-01 1.460222829848865311e+00
1.236511149509806340e-01 1.455444556182958982e+00
1.302696737705586472e-01 1.450252329680870478e+00
1.369881992119994507e-01 1.444628452804245677e+00
1.437899911418983045e-01 1.438556152785566367e+00
1.506574186835852314e-01 1.432019692785670095e+00
1.575720215375580047e-01 1.425004463134982968e+00
1.645146150932232931e-01 1.417497051047569512e+00
1.714653955949912434e-01 1.409485288219159305e+00
1.784040417531221889e-01 1.400958276700957184e+00
1.853098095055191186e-01 1.391906394311763773e+00
1.921616170919561439e-01 1.382321281561405879e+00
1.989381181353481465e-01 1.372195812587290398e+00
2.056177609839646703e-01 1.361524052952739261e+00
2.121788331122640980e-01 1.350301207333069797e+00
2.185994898693893740e-01 1.338523560155391534e+00
2.248577672891031998e-01 1.326188412184106324e+00
2.309315790168818550e-01 1.313294015894647115e+00
2.367986976699923696e-01 1.299839512277222831e+00
2.424367211243561304e-01 1.285824871487614152e+00
2.478230243216993089e-01 1.271250839536951283e+00
2.529346972227380919e-01 1.256118893000618186e+00
2.577484694979704227e-01 1.240431203549083206e+00
2.622406224605589031e-01 1.224190613970178809e+00
2.663868886089149624e-01 1.207400627279662242e+00
2.701623389726099944e-01 1.190065410513273969e+00
2.735412582488314093e-01 1.172189814876579250e+00
2.764970074922092347e-01 1.153779414105167156e+00
2.790018738835349232e-01 1.134840563180183448e+00
2.810269068716077512e-01 1.115380479958192339e+00
2.825417397653128271e-01 1.095407352838406956e+00
2.835143956711502766e-01 1.074930478321310945e+00
2.839110765470067022e-01 1.053960433237669303e+00
2.836959341036972004e-01 1.032509287585649416e+00
2.828308213775911351e-01 1.010590865338617750e+00
2.812750240763086107e-01 9.882210623381182391e-01
2.789849713548812060e-01 9.654182325171138945e-01
2.759139266371963828e-01 9.422036562759414924e-01
2.720116606403252812e-01 9.186021079294710567e-01
2.672241111563204985e-01 8.946425428087271259e-01
2.614930377808508122e-01 8.703589288596897955e-01
2.547556852023892815e-01 8.457912523753742251e-01
2.469444766547401193e-01 8.209867326058264414e-01
2.379867707630738405e-01 7.960012848962233489e-01
2.278047317198804989e-01 7.709012756545892131e-01
2.163153863585736969e-01 7.457656128886782643e-01
2.034309744231773132e-01 7.206882098080100718e-01
1.890597423110523811e-01 6.957808402131422376e-01
1.731073869511954855e-01 6.711763636999754645e-01
1.554794233040695528e-01 6.470322219351020143e-01
1.360848169095183746e-01 6.235339750091115629e-01
1.148412680117203571e-01 6.008984369331287212e-01
9.168250696569857361e-02 5.793756664679330370e-01
6.656777763258502068e-02 5.592486899226777330e-01
3.949468519478314954e-02 5.408304384752933291e-01
1.051436180727008743e-02 5.244556197412454379e-01
-2.026040525796743083e-02 5.104604417786067216e-01
-5.265140402395285246e-02 4.991595651417625179e-01
-8.641790186142886410e-02 4.908221619576256245e-01
-1.212690717819076835e-01 4.856512504272960662e-01
-1.568842194315556715e-01 4.837720560571460160e-01
-1.929352765791796376e-01 4.852325437727151858e-01
-2.291053105052481276e-01 4.900141941520641531e-01
-2.650995909230113856e-01 4.980472794564477779e-01
-3.006498474340714711e-01 5.092248951689669623e-01
-3.355148068076723167e-01 5.234129153786468702e-01
-3.694799743736953412e-01 5.404561838798487283e-01
-4.023580208174089012e-01 5.601828169870292085e-01
-4.339895921840648541e-01 5.824083860019888537e-01
-4.642436479465537613e-01 6.069408269144778156e-01
-4.930164936456241653e-01 6.335860171029106258e-01
-5.202291099737315072e-01 6.621534441052815412e-01
-5.458228361088495184e-01 6.924612786863880709e-01
-5.697537660163571882e-01 7.243403012434438404e-01
-5.919863320291983699e-01 7.576363554143891177e-01
-6.124865245785219292e-01 7.922112063730796239e-01
-6.312150950262453986e-01 8.279418144343021480e-01
-6.481209635439978411e-01 8.647180924300628124e-01
-6.631349343378929451e-01 9.024392143164816638e-01
-6.761637099014697894e-01 9.410084972758383515e-01
-6.870840844250984958e-01 9.803267862163661528e-01
-6.957370774596473018e-01 1.020284098178822152e+00
-7.019216580512246395e-01 1.060748979304295014e+00
-7.053876679624490054e-01 1.101554510848648638e+00
-7.058277322369731488e-01 1.142479080314604323e+00
-7.028686969574251542e-01 1.183218841313304903e+00
-6.960652494279504499e-01 1.223347365566865186e+00
-6.849035190360091008e-01 1.262257390262946366e+00
-6.688333854857557714e-01 1.299083817208708691e+00
-6.473659301146542644e-01 1.332627605360542589e+00
-6.202803316721525739e-01 1.361355440220851865e+00
-5.879154190715034645e-01 1.383619767125396027e+00
-5.513193159811085042e-01 1.398148656549025981e+00
-5.119812841988204966e-01 1.404459651912232987e+00
-4.713348051839579833e-01 1.402789653718447660e+00
-4.304831414915046839e-01 1.393733849051682405e+00
-3.902073815042427229e-01 1.377961622948096654e+00
-3.510743256464188833e-01 1.356089383593067854e+00
-3.135323527329897386e-01 1.328655381984635397e+00
-2.779688553713607346e-01 1.296140447843295407e+00
-2.447323070667083988e-01 1.258999519255625810e+00
-2.141305197600004151e-01 1.217682825935841429e+00
-1.864214975092247095e-01 1.172637615385893506e+00
-1.618123026209379034e-01 1.124293378728355108e+00
-1.404743777789216053e-01 1.073041039813813713e+00
-1.225756977973740391e-01 1.019217689085972989e+00
-1.083247991035253543e-01 9.631056577671076591e-01
-9.801954384486526173e-02 9.049511879668834524e-01
-9.209303615822728162e-02 8.450052263315537271e-01
-9.114901999663319043e-02 7.835872108471221287e-01
-9.597808659281957533e-02 7.211718756760377991e-01
-1.075422416552294647e-01 6.584980223509853126e-01
-1.269061835139369265e-01 5.966931574948513006e-01
-1.550784753890086520e-01 5.373891453007997310e-01
-1.927176520978646501e-01 4.827555953219115348e-01
-2.397070208577559980e-01 4.353009711848306318e-01
-2.947848256384597021e-01 3.972878732461845308e-01
-3.556448305279745759e-01 3.699146344231303840e-01
-4.197063210853174686e-01 3.529287756409061894e-01
-4.849799309155882199e-01 3.451366923654115570e-01
-5.502983971859358725e-01 3.452769141244444451e-01
-6.149794421066062666e-01 3.524991877613499747e-01
-6.784338401241427619e-01 3.663417426005614042e-01
-7.399988982437977203e-01 3.864959411677206802e-01
-7.989696687772910311e-01 4.126094500411151000e-01
-8.546974328251766284e-01 4.442113175490187693e-01
-9.066642684261566609e-01 4.807335221802050418e-01
-9.545032719604977789e-01 5.215776159653103816e-01
-9.979662203752490690e-01 5.661857745892057148e-01
-1.036850929326110782e+00 6.140897151902833251e-01
-1.070903317973930680e+00 6.649225991740647101e-01
-1.099706193979365310e+00 7.183897606073572639e-01
-1.122554466808476592e+00 7.741985069557481003e-01
-1.138297881342794859e+00 8.319314804810625796e-01
-1.145130387444731390e+00 8.907956086640334004e-01
-1.140400955490902701e+00 9.490909316219784397e-01
-1.120957177120111004e+00 1.003299671369827228e+00
-1.085312342225498661e+00 1.047826215359801250e+00
-1.036649682617660773e+00 1.078184388781332936e+00
-9.805769026779790343e-01 1.094163754367621921e+00
-9.210301761374688478e-01 1.097614274592219941e+00
-8.601202924461881505e-01 1.090396956313517851e+00
-7.990587649266943648e-01 1.073847832710636441e+00
-7.387075768302011625e-01 1.048839694799956090e+00
-6.798167119850346829e-01 1.015945632713485258e+00
-6.231380545694764628e-01 9.755793191848325385e-01
-5.694702447521136079e-01 9.281094233368692992e-01
-5.196540994579003092e-01 8.739285739758708704e-01
-4.745616669983582225e-01 8.134663669629494942e-01
-4.351254562686156513e-01 7.471668420689329126e-01
-4.024351638514540030e-01 6.754730276992595428e-01
-3.779058665677254569e-01 5.988742922975188732e-01
-3.634876700576905040e-01 5.180895647831702533e-01
-3.618021836654032874e-01 4.344718950612336261e-01
-3.759022325280157450e-01 3.506415964850831957e-01
-4.081509748278969729e-01 2.709604052592766710e-01
-4.582258460704377034e-01 2.007434765768788265e-01
-5.222054777160645145e-01 1.437079953920192277e-01
-5.947531302564285083e-01 1.002705930698042369e-01
-6.718877715970552611e-01 6.882202407221224560e-02
-7.514529752718797084e-01 4.770398811218398705e-02
-8.322217466378596384e-01 3.602156248473472461e-02
-9.131042870012253676e-01 3.349214799899701001e-02
-9.928680761180384007e-01 4.000774552077871610e-02
-1.070194738552292080e+00 5.533029576943147149e-02
-1.143821652712834425e+00 7.900319023829449616e-02
-1.212631361686710818e+00 1.104159500949744299e-01
-1.275633706104379206e+00 1.489464050146906970e-01
-1.331807136014383275e+00 1.941084465589027197e-01
-1.379775525210547471e+00 2.456148256859822243e-01
-1.417320300477795447e+00 3.032270832424082130e-01
-1.440814403797861409e+00 3.661801288481115191e-01
-1.445143959542455780e+00 4.318737410518951325e-01
-1.426046645364524634e+00 4.944373553061001680e-01
-1.385021068201619077e+00 5.469004817214400127e-01
-1.328417494835836044e+00 5.860082979144256576e-01
-1.261900558211699108e+00 6.119132454248904507e-01
-1.189029207653969022e+00 6.258069895490797618e-01
-1.111993766052138621e+00 6.286549483423744533e-01
-1.032398215265679431e+00 6.209704707203230756e-01
-9.516674974529364395e-01 6.029718539097230767e-01
-8.712004696962254435e-01 5.747457077643672863e-01
-7.924313575925808761e-01 5.363181837666366469e-01
-7.169057510231157115e-01 4.876447006197224820e-01
-6.464419275302251133e-01 4.285671496464003027e-01
-5.834321730555125374e-01 3.588212718913844634e-01
-5.313006472212561393e-01 2.782498846319326202e-01
-4.949506156921827382e-01 1.875008476730189444e-01
-4.804415288895177438e-01 8.945089699446175102e-02
-4.923506283115905435e-01 -9.500153582945217168e-03
-5.293321842043008374e-01 -1.013373990487557719e-01
-5.842493159630470778e-01 -1.814972378563219912e-01
-6.500644790664127370e-01 -2.500036364589480753e-01
-7.229083429405378514e-01 -3.083869849127128804e-01
-8.011285237171380524e-01 -3.574098241150208133e-01
-8.836597075152164971e-01 -3.966712460475450008e-01
-9.691209995664609167e-01 -4.252049430978504518e-01
-1.055668404323064857e+00 -4.421289575862774601e-01
-1.141181909434031194e+00 -4.469785900726375716e-01
-1.223485115600376316e+00 -4.397396048919729461e-01
-1.300449286251029513e+00 -4.206567186735818975e-01
-1.369823940423681163e+00 -3.898982027075909018e-01
-1.428623480922077027e+00 -3.473344564232299647e-01
-1.472232018984840574e+00 -2.930351334824947696e-01
-1.494574127745113001e+00 -2.290860093305953082e-01
-1.491592572128061178e+00 -1.611560256741834674e-01
-1.464934060278755945e+00 -9.595575774167396099e-02
-1.419549788123692480e+00 -3.754601495310103815e-02
-1.359917945692938224e+00 1.256184024282266248e-02
-1.289129829402614336e+00 5.374556909440532382e-02
-1.209430436337859849e+00 8.539075560154685274e-02
-1.122756019135552563e+00 1.068038883239068315e-01
-1.030933805240203283e+00 1.173212600863009353e-01
-9.357140030813911880e-01 1.163035675483620329e-01
-8.388292524222547009e-01 1.029824508643345793e-01
-7.422100219776713859e-01 7.621887242717423350e-02
-6.484783149936449442e-01 3.427610902421667632e-02
-5.618423269981629442e-01 -2.512423205398763709e-02
-4.891938596720964427e-01 -1.037789822834457309e-01
-4.397764518488996854e-01 -2.001442854783052061e-01
-4.201764982624238143e-01 -3.064938101342150611e-01
-4.279313605085864336e-01 -4.125074072747593190e-01
-4.549554252425168088e-01 -5.124123721064672843e-01
-4.949097807888845901e-01 -6.052232294894430709e-01
-5.448315863501750345e-01 -6.912575500675908202e-01
-6.037165851377007675e-01 -7.700042656123672336e-01
-6.708987500520782188e-01 -8.398480162521229087e-01
-7.451984761663588142e-01 -8.986405089169717808e-01
-8.247348368434787025e-01 -9.442719625163153996e-01
-9.070161183183153009e-01 -9.749826683578154407e-01
-9.890806455186824664e-01 -9.894232056489988825e-01
-1.067504303225407236e+00 -9.864637065426632434e-01
-1.137985381100755200e+00 -9.649690674289268522e-01
-1.194712917204659330e+00 -9.244759966021929287e-01
-1.231471902218651548e+00 -8.673814664030341515e-01
-1.245410880568123213e+00 -7.996158134723886368e-01
-1.238364502790791910e+00 -7.273237623522517126e-01
-1.213700174431313838e+00 -6.542870041214277066e-01
-1.173791610193498203e+00 -5.827086243270360733e-01
-1.120096795421045677e+00 -5.145653387605085838e-01
-1.053925831098866395e+00 -4.519080144750782235e-01
-9.767551943250516455e-01 -3.966349343568402741e-01
-8.901429552525881306e-01 -3.503790948360006041e-01
-7.955667156645847005e-01 -3.146750429998006471e-01
-6.943960383149024862e-01 -2.913555287711844244e-01
-5.881670812326018627e-01 -2.831273163697090034e-01
-4.794500228412542642e-01 -2.941637977304445983e-01
-3.735988520165574034e-01 -3.299156685072245909e-01
-2.802774003576656292e-01 -3.940949549647009831e-01
-2.099339926405113521e-01 -4.826686811339355732e-01
-1.651157450529677218e-01 -5.842143836327278184e-01
-1.408772609753940752e-01 -6.893777001659167070e-01
-1.320357851225366086e-01 -7.943055654621083983e-01
-1.359594707428022631e-01 -8.977768158234327167e-01
-1.520864923374842526e-01 -9.986093524189081361e-01
-1.805650087608401400e-01 -1.094757136694279431e+00
-2.212832956963854403e-01 -1.183449138335189943e+00
-2.734636704976892152e-01 -1.261551405705956475e+00
-3.355453450993059472e-01 -1.325806351885495227e+00
-4.051399549878367812e-01 -1.372904016038976271e+00
-4.788657368531156200e-01 -1.399398026934883799e+00
-5.517966012686205124e-01 -1.401885804409644054e+00
-6.171458609444770982e-01 -1.378688221460219188e+00
-6.683946182419767679e-01 -1.332488229955243186e+00
-7.028548370479060781e-01 -1.269608759249693186e+00
-7.215709989308507488e-01 -1.195916320694243806e+00
-7.260304187772567142e-01 -1.114898890827914268e+00
-7.166075518226399099e-01 -1.028940158498951485e+00
-6.931552685683876058e-01 -9.405091490892366624e-01
-6.557486214178779305e-01 -8.522317158365531053e-01
-6.048442257973286607e-01 -7.666041725425392084e-01
-5.410463879290492439e-01 -6.859160863595615831e-01
-4.648054506127152763e-01 -6.125049587224996595e-01
-3.762562525142663095e-01 -5.493583324551390978e-01
-2.755001528290608181e-01 -5.011045719085962524e-01
-1.640239465178575107e-01 -4.750140729193229050e-01
-4.772419738588784544e-02 -4.797870318073870766e-01
6.213485458404147121e-02 -5.185549302312968400e-01
1.565636303368976856e-01 -5.831227178086029195e-01
2.345971629868718877e-01 -6.622523014781324102e-01
2.987175825840363563e-01 -7.495141423817696102e-01
3.506221467313659912e-01 -8.423142308060822536e-01
3.901843556961127057e-01 -9.392474658861305059e-01
4.161646573881790379e-01 -1.038523117986019262e+00
4.271403033925891823e-01 -1.137547324546232419e+00
4.220537773544640880e-01 -1.232993276725522502e+00
4.004695700376360579e-01 -1.320894199903111632e+00
3.627511080440529168e-01 -1.396633288766826242e+00
3.103767744969533338e-01 -1.454846614765596069e+00
2.467436110265971427e-01 -1.489717368335244041e+00
1.779720715787816432e-01 -1.497008768928598021e+00
1.113408556894437684e-01 -1.477252875840773694e+00
5.158782041681982816e-02 -1.435630070073730558e+00
-4.224436985520579890e-05 -1.377675739931132570e+00
-4.318461605955553617e-02 -1.306601119170099246e+00
-7.668384020817395341e-02 -1.224372941574765505e+00
-9.893549932724127194e-02 -1.133062525559795475e+00
-1.085941313450746321e-01 -1.035075031483462915e+00
-1.047658634759453811e-01 -9.328760175571498836e-01
-8.673889466730927422e-02 -8.288192929906706974e-01
-5.352007916558818024e-02 -7.252987151054950399e-01
-3.355798413173627370e-03 -6.253580745670713759e-01
6.638397474363895434e-02 -5.339893424370770747e-01
1.577351599236388180e-01 -4.598274233710027969e-01
2.676034350603133105e-01 -4.140047030950151363e-01
3.850383789129173673e-01 -4.013543802991778597e-01
4.993370799369622470e-01 -4.152185029779746905e-01
6.065327964265417870e-01 -4.468370745452154291e-01
7.063096999946097965e-01 -4.912313776913296848e-01
7.983628498385090255e-01 -5.464639044638831544e-01
8.811586282497798628e-01 -6.116929305497057490e-01
9.522270197464084429e-01 -6.858237285904786873e-01
1.008742662167369408e+00 -7.669995510109267611e-01
1.047889280256190325e+00 -8.524587663385901903e-01
1.067059733506742880e+00 -9.383997739947171901e-01
1.064104817089155608e+00 -1.019729492794177128e+00
1.038048395002674429e+00 -1.089817669365140018e+00
9.907086218159286695e-01 -1.141257059902063720e+00
9.277769148183198089e-01 -1.168905705862278488e+00
8.566061852398240140e-01 -1.172948017418066646e+00
7.823492591646645788e-01 -1.157409899168109657e+00
7.073832206834802516e-01 -1.125614510272283875e+00
6.335563976685922860e-01 -1.078876895447034467e+00
5.632822263526900963e-01 -1.017906746139438878e+00
4.991660975688089197e-01 -9.437953645969814342e-01
4.435111953424742959e-01 -8.580698271227547025e-01
3.982937793945469096e-01 -7.623763365602875819e-01
3.655516006719026767e-01 -6.582558954898168890e-01
3.480713704044227086e-01 -5.472387184388413095e-01
3.502708347141275103e-01 -4.315923902793252775e-01
3.784727537560815813e-01 -3.162774425743978268e-01
4.377750184950285339e-01 -2.112434113433675487e-01
5.243963195154730528e-01 -1.278612110021268289e-01
6.259740318643942647e-01 -6.885963550831403213e-02
7.329280934343219700e-01 -2.964583444397355522e-02
8.414102192962783500e-01 -5.875661685525897238e-03
9.499239936757679637e-01 4.304932318244258233e-03
1.056832165800026813e+00 9.004514431754360483e-04
1.159586537768865888e+00 -1.661338415042039329e-02
1.254843118380886802e+00 -4.843995339107998177e-02
1.338670432448985315e+00 -9.408324669324596989e-02
1.406617579868046697e+00 -1.520884959092903277e-01
1.453762266804714987e+00 -2.196307740415125442e-01
1.475208533155179635e+00 -2.918186568032472006e-01
1.467963201544131513e+00 -3.613526038068111679e-01
1.433610871946358500e+00 -4.204345385313114081e-01
1.378334015310136662e+00 -4.646547861901710874e-01
1.308954365352986482e+00 -4.943044332720052947e-01
1.229522274803897197e+00 -5.109515114777389844e-01
1.142290451903643422e+00 -5.147343945823323885e-01
1.049598396304803227e+00 -5.048209870651162445e-01
9.542207016823152088e-01 -4.805334979359543457e-01
8.589725383763683331e-01 -4.417522192105397538e-01
7.664683651891034399e-01 -3.886849473319870518e-01
6.792885122653286034e-01 -3.214459545531861417e-01
6.005865241212948735e-01 -2.397152880519087259e-01
5.352485007622467261e-01 -1.428103764077193749e-01
4.912851823986247868e-01 -3.110383344546131801e-02
4.786065791412578707e-01 9.024434818818986848e-02
5.005427421156798395e-01 2.097796452243766985e-01
5.484403424667243510e-01 3.182947289407812574e-01
6.120340877161197790e-01 4.140799292123585329e-01
6.858984591545898013e-01 4.983520602179558612e-01
7.678307119118373825e-01 5.716006606034226278e-01
8.564901434195970609e-01 6.327565612916827842e-01
9.500695495505395716e-01 6.798332696438978973e-01
1.045921129545579475e+00 7.106469159448161044e-01
1.140481463416732844e+00 7.232063107048127826e-01
1.229113596050602331e+00 7.159568310476844832e-01
1.305834617101562234e+00 6.882233434171600717e-01
1.363397741505854688e+00 6.413056552868440230e-01
1.395094264723237831e+00 5.799794480631634830e-01
1.398337862508662210e+00 5.119857828287577295e-01
1.376384767692693245e+00 4.443596636452031845e-01
1.335118690758995807e+00 3.803793061140787746e-01
1.278409117061552136e+00 3.209810753197514521e-01
1.207944561025000141e+00 2.674879369015703556e-01
1.125115823734742726e+00 2.220518825070274538e-01
1.031811128368289587e+00 1.868637992726056019e-01
9.302515235534036808e-01 1.636539449184209183e-01
8.226608360880178772e-01 1.538070435941600034e-01
7.111923321301976131e-01 1.588469629652910220e-01
5.982967693973277878e-01 1.811068938775497739e-01
4.878642337366801973e-01 2.243276913261746941e-01
3.873325741819746426e-01 2.929554397106493568e-01
3.081534748331403728e-01 3.874807586138372950e-01
2.580086221118393919e-01 4.988880965397768374e-01
2.334348139780298981e-01 6.151490271502073615e-01
2.275492550532947911e-01 7.302006386476389554e-01
2.361635052314165206e-01 8.422962340349596788e-01
2.578148030884513942e-01 9.503706938227938217e-01
2.922611529143863129e-01 1.052468442092671319e+00
3.392152978284049269e-01 1.145692356858061256e+00
3.977695970943319059e-01 1.226539053193073991e+00
4.661286513689070765e-01 1.291073545938755007e+00
5.412528120239183949e-01 1.334972150492291787e+00
6.182044921180299690e-01 1.353825876605406098e+00
6.895801593118755513e-01 1.344612720444738896e+00
7.468843793022240662e-01 1.308459432331106731e+00
7.845003046721418238e-01 1.251447895597378457e+00
8.024463152840057845e-01 1.181362513596544650e+00
8.038833012760850938e-01 1.103457989464736277e+00
7.907043468164732802e-01 1.020236491778725219e+00
7.630111936848305021e-01 9.338363179407245251e-01
7.205821391428473000e-01 8.469699265091377161e-01
6.637152198461223618e-01 7.625315741297644667e-01
5.931860352259532565e-01 6.831734991136566570e-01
5.098644728087602385e-01 6.113386029137014566e-01
4.143988741165936518e-01 5.497309856486836122e-01
3.072269533662830288e-01 5.022293990177622014e-01
1.895112969197596531e-01 4.751322047730028308e-01
6.592642106597496054e-02 4.770682449394085256e-01
-5.300445093009155395e-02 5.130092306351150544e-01
-1.573904310602873835e-01 5.761820373683147478e-01
-2.455103403565696008e-01 6.550588294598927996e-01
-3.195037238260016732e-01 7.429120709647998311e-01
-3.808559742721456809e-01 8.369863700125437234e-01
-4.292717295120757615e-01 9.357349205368180600e-01
-4.633417220430081085e-01 1.037223265737079458e+00
-4.814015082709991455e-01 1.138686496552140159e+00
-4.819970780417736078e-01 1.236488819100680203e+00
-4.641355029424945600e-01 1.325985325825996819e+00
-4.277186155042416726e-01 1.401213399134835003e+00
-3.746649774714811976e-01 1.454903315440464695e+00
-3.105054508158786586e-01 1.480369564629418822e+00
-2.437185792892083425e-01 1.475414383356522530e+00
-1.816167230783522213e-01 1.443972828634209948e+00
-1.270678169355448917e-01 1.392916382329211000e+00
-8.014711814360500619e-02 1.327050407972467871e+00
-4.145120475587017045e-02 1.248552110859068476e+00
-1.268883923575789621e-02 1.159107078757079190e+00
4.268493841886895207e-03 1.060891910245521652e+00
8.032906715929218067e-03 9.564166332743253562e-01
-2.360306734511669752e-03 8.481731284116907910e-01
-2.790832886551057601e-02 7.385731727066588981e-01
-7.023528232448515707e-02 6.303329902511894955e-01
-1.320669923698397918e-01 5.275613455102831084e-01
-2.165197100061381774e-01 4.376674456736216468e-01
-3.229323638086639692e-01 3.716205112556484336e-01
-4.420918217594038691e-01 3.362573536493327353e-01
-5.626706710064259820e-01 3.270181576724408568e-01
-6.794600666196964900e-01 3.362786300077434953e-01
-7.912300085095560487e-01 3.596057227146080559e-01
-8.971160963587602177e-01 3.953385293040278525e-01
-9.952366151749174605e-01 4.429181229620118843e-01
-1.082789730136854311e+00 5.016437612804861557e-01
-1.156427401612617478e+00 5.701591855578138635e-01
-1.212404691587416039e+00 6.461981711415611951e-01
-1.246593696312072064e+00 7.261607751756951057e-01
-1.254887987290802975e+00 8.043197334919868213e-01
-1.235136145353062043e+00 8.723495089080171017e-01
-1.190191657667165614e+00 9.215965948636172245e-01
-1.127630206907256571e+00 9.476585727068532750e-01
-1.055400166868468492e+00 9.522422676454916912e-01
-9.780855974766058392e-01 9.394859113267159945e-01
-8.977582093538634123e-01 9.115782402181585864e-01
-8.165141691275630276e-01 8.688744802208269169e-01
-7.370878477960538522e-01 8.115498925555918452e-01
-6.622952563878494736e-01 7.403378819229980978e-01
-5.946363893585148164e-01 6.563930475595293190e-01
-5.364135665776720296e-01 5.609106880349724600e-01
-4.902779412733090925e-01 4.548925496824325343e-01
-4.601825788412668428e-01 3.393338915260676880e-01
-4.524625165561993456e-01 2.164824832410667255e-01
-4.748257412926081278e-01 9.273875861664898634e-02
-5.291344072256085607e-01 -2.077553867048141656e-02
-6.060801862787493777e-01 -1.167854111023119562e-01
-6.951204645917388181e-01 -1.959549121674080407e-01
-7.910406806445683392e-01 -2.608699201708122306e-01
-8.916862525976653187e-01 -3.127151474693469213e-01
-9.954260116674810144e-01 -3.509652764651240431e-01
-1.100000842917149280e+00 -3.742901960095922353e-01
-1.202315860173119866e+00 -3.812996502897461615e-01
-1.298393135534117615e+00 -3.708816107805372186e-01
-1.383107882429110536e+00 -3.424514401309707301e-01
-1.449780758455088803e+00 -2.966197790217297570e-01
-1.490650045798473489e+00 -2.368372739983028996e-01
-1.500257618585841835e+00 -1.707315632450168708e-01
-1.479459926739618458e+00 -1.074311459969793103e-01
-1.434684652110740144e+00 -5.261509978403682009e-02
-1.372937417785954350e+00 -7.144497388394101256e-03
-1.298024156138558816e+00 2.944573662901945471e-02
-1.211813261877526360e+00 5.634512450565636044e-02
-1.116255503505187985e+00 7.184806482304348374e-02
-1.013811812714645377e+00 7.440771541834388658e-02
-9.071047445779919505e-01 6.302272963132990458e-02
-7.986522443538849325e-01 3.698192723634542017e-02
-6.909828437657361544e-01 -4.655334201064856292e-03
-5.872758970676041912e-01 -6.362037867724028295e-02
-4.928053970343432288e-01 -1.425709278858136586e-01
-4.166170859928113313e-01 -2.431495713726941621e-01
-3.687156093931142631e-01 -3.606883214621503519e-01
-3.500696235398229050e-01 -4.838769552148373676e-01
-3.532010119801754500e-01 -6.045499822247670796e-01
-3.720146272418239919e-01 -7.202021519221174506e-01
-4.036961692924176948e-01 -8.301213713983823794e-01
-4.472971644600303720e-01 -9.329716547797942683e-01
-5.021998726699397064e-01 -1.026378788955136789e+00
-5.673327558331348053e-01 -1.107270418111589327e+00
-6.408701574645826460e-01 -1.172102385059751617e+00
-7.198966559869903747e-01 -1.216827606864087530e+00
-7.996583505903602784e-01 -1.236947834605647722e+00
-8.725209763609502733e-01 -1.228747329119913356e+00
-9.288689144228694516e-01 -1.192790733441157824e+00
-9.619053641330865823e-01 -1.135740721687076293e+00
-9.713145674967053056e-01 -1.066526873836897593e+00
-9.613739595973558316e-01 -9.913885179375330203e-01
-9.355627198712236359e-01 -9.129836629393407454e-01
-8.948885575289596828e-01 -8.331200919093244561e-01
-8.395147981504980095e-01 -7.542785738013141339e-01
-7.699933457093808276e-01 -6.792945753328680780e-01
-6.874126309606635177e-01 -6.107818936990592196e-01
-5.930481075758790022e-01 -5.510452708195634486e-01
-4.880458184920644649e-01 -5.024704630473567635e-01
-3.734058621160696867e-01 -4.683194974018721757e-01
-2.507371001630218088e-01 -4.538512828293175261e-01
-1.246068247074626489e-01 -4.664786975476259423e-01
-4.752919815922365676e-03 -5.108187942091694245e-01
9.962774010598055008e-02 -5.807942054967409895e-01
1.872411391089507382e-01 -6.654140075601409077e-01
2.603422635594481727e-01 -7.582568404081588831e-01
3.204020674008216663e-01 -8.566521524899183282e-01
3.671840342227091769e-01 -9.589755034544283907e-01
3.994296032356423609e-01 -1.063190130000432276e+00
4.156394976761967897e-01 -1.166471256255325661e+00
4.144404678530638764e-01 -1.265129081968472402e+00
3.947697609616922509e-01 -1.354320395406336086e+00
3.563985423226107008e-01 -1.427465560494269869e+00
3.016067240445424735e-01 -1.476197930386725199e+00
2.373935275263080735e-01 -1.493480596261603788e+00
1.735679082869578116e-01 -1.478786578516736228e+00
1.171174011269667248e-01 -1.438131854647024310e+00
6.973665177995883035e-02 -1.379118189502612779e+00
3.090959968850507528e-02 -1.306252164787507164e+00
1.184343906911904110e-03 -1.221540769151454819e+00
-1.777333946130197490e-02 -1.126787456580526037e+00
-2.427187853643282198e-02 -1.024321892336051754e+00
-1.714333844231395038e-02 -9.167235337227027658e-01
4.417291523327981917e-03 -8.065002179330633680e-01
4.134887551417931739e-02 -6.961140412766810837e-01
9.531768242353930165e-02 -5.885002525071048041e-01
1.690296999933013355e-01 -4.883688522107701990e-01
2.647470554165075596e-01 -4.040053952843327134e-01
3.791763523022697591e-01 -3.454382262148766314e-01
5.017607934572871908e-01 -3.149857377835770245e-01
6.238659971521691716e-01 -3.062678918051695565e-01
7.424182574846414084e-01 -3.135983996028556264e-01
8.563975211136133359e-01 -3.342875892804532678e-01
9.643649457636087607e-01 -3.674894206581164613e-01
1.063917927030877841e+00 -4.127742650517316481e-01
1.151927784563827606e+00 -4.693588566635975567e-01
1.224681304269599202e+00 -5.358029936986210551e-01
1.277729778725562371e+00 -6.096532935618759197e-01
1.305771027620582947e+00 -6.865620299024206563e-01
1.303922363498647208e+00 -7.588650443494763254e-01
