5.646704819932171071e-06 1.500000000000000000e+00
2.660676775797534465e-05 1.499999995245508089e+00
7.071679028380822092e-05 1.499999973503769235e+00
1.442543174958518391e-04 1.499999907525112919e+00
2.534129992894195555e-04 1.499999743943391639e+00
4.045702996972028566e-04 1.499999392156599054e+00
6.040496108074317090e-04 1.499998712988732663e+00
8.580370568950177476e-04 1.499997505979028256e+00
1.172693224054529746e-03 1.499995493512709110e+00
1.554296863814608968e-03 1.499992300505919030e+00
2.009325448568380530e-03 1.499987429450712284e+00
2.544467048082339235e-03 1.499980231369340000e+00
3.166590541160080232e-03 1.499969873365019080e+00
3.882696552611615906e-03 1.499955303377519034e+00
4.699860122737965773e-03 1.499935212765105552e+00
5.625170472925147477e-03 1.499907997421459749e+00
6.665672697045119631e-03 1.499871718140365129e+00
7.828316765277079647e-03 1.499824060766475675e+00
9.119918454492682500e-03 1.499762296338506440e+00
1.054713453356187144e-02 1.499683241039610815e+00
1.211645165875296741e-02 1.499583215433884842e+00
1.383418591411714714e-02 1.499458002285135150e+00
1.570648826184718738e-02 1.499302802288484893e+00
1.773935044208208717e-02 1.499112187319105782e+00
1.993860597016290995e-02 1.498880051288347337e+00
2.230992165023500118e-02 1.498599559321028840e+00
2.485877627038845031e-02 1.498263096621009982e+00
2.759042466464205201e-02 1.497862218961044656e+00
3.050984690868497815e-02 1.497387607122706576e+00
3.362168385616647048e-02 1.496829027767710318e+00
3.693016135733726002e-02 1.496175303133510548e+00
4.043900623043926446e-02 1.495414291646931071e+00
4.415135734838376153e-02 1.494532881103715960e+00
4.806967509737915950e-02 1.493516995550701276e+00
5.219565205147334852e-02 1.492351616512749723e+00
5.653012711375476201e-02 1.491020818796732650e+00
6.107300473879612168e-02 1.489507820820426209e+00
6.582318029835206030e-02 1.487795049260566937e+00
7.077847227820861786e-02 1.485864217760281436e+00
7.593556184784200358e-02 1.483696419420049706e+00
8.128994042167247969e-02 1.481272232741002393e+00
8.683586607634281862e-02 1.478571840520779723e+00
9.256633001073827360e-02 1.475575160869216251e+00
9.847303452231091769e-02 1.472261989001139249e+00
1.045463841180966635e-01 1.468612147809480906e+00
1.107754913022643145e-01 1.464605644496709269e+00
1.171481982449156106e-01 1.460222829848865311e+00
1.236511149509806340e-01 1.455444556182958982e+00
1.302696737705586472e-01 1.450252329680870478e+00
1.369881992119994507e-01 1.444628452804245677e+00
1.437899911418983045e-01 1.438556152785566367e+00
1.506574186835852314e-01 1.432019692785670095e+00
1.575720215375580047e-01 1.425004463134982968e+00
1.645146150932232931e-01 1.417497051047569512e+00
1.714653955949912434e-01 1.409485288219159305e+00
1.784040417531221889e-01 1.400958276700957184e+00
1.853098095055191186e-01 1.391906394311763773e+00
1.921616170919561439e-01 1.382321281561405879e+00
1.989381181353481465e-01 1.372195812587290398e+00
2.056177609839646703e-01 1.361524052952739261e+00
2.121788331122640980e-01 1.350301207333069797e+00
2.185994898693893740e-01 1.338523560155391534e+00
2.248577672891031998e-01 1.326188412184106324e+00
2.309315790168818550e-01 1.313294015894647115e+00
2.367986976699923696e-01 1.299839512277222831e+00
2.424367211243561304e-01 1.285824871487614152e+00
2.478230243216993089e-01 1.271250839536951283e+00
2.529346972227380919e-01 1.256118893000618186e+00
2.577484694979704227e-01 1.240431203549083206e+00
2.622406224605589031e-01 1.224190613970178809e+00
2.663868886089149624e-01 1.207400627279662242e+00
2.701623389726099944e-01 1.190065410513273969e+00
2.735412582488314093e-01 1.172189814876579250e+00
2.764970074922092347e-01 1.153779414105167156e+00
2.790018738835349232e-01 1.134840563180183448e+00
2.810269068716077512e-01 1.115380479958192339e+00
2.825417397653128271e-01 1.095407352838406956e+00
2.835143956711502766e-01 1.074930478321310945e+00
2.839110765470067022e-01 1.053960433237669303e+00
2.836959341036972004e-01 1.032509287585649416e+00
2.828308213775911351e-01 1.010590865338617750e+00
2.812750240763086107e-01 9.882210623381182391e-01
2.789849713548812060e-01 9.654182325171138945e-01
2.759139266371963828e-01 9.422036562759414924e-01
2.720116606403252812e-01 9.186021079294710567e-01
2.672241111563204985e-01 8.946425428087271259e-01
2.614930377808508122e-01 8.703589288596897955e-01
2.547556852023892815e-01 8.457912523753742251e-01
2.469444766547401193e-01 8.209867326058264414e-01
2.379867707630738405e-01 7.960012848962233489e-01
2.278047317198804989e-01 7.709012756545892131e-01
2.163153863585736969e-01 7.457656128886782643e-01
2.034309744231773132e-01 7.206882098080100718e-01
1.890597423110523811e-01 6.957808402131422376e-01
1.731073869511954855e-01 6.711763636999754645e-01
1.554794233040695528e-01 6.470322219351020143e-01
1.360848169095183746e-01 6.235339750091115629e-01
1.148412680117203571e-01 6.008984369331287212e-01
9.168250696569857361e-02 5.793756664679330370e-01
6.656777763258502068e-02 5.592486899226777330e-01
3.949323081136267566e-02 5.408294704664314834e-01
1.050412453215771730e-02 5.244495267696155372e-01
-2.029441868301578439e-02 5.104441356895694781e-01
-5.273141067327395681e-02 4.991306343891757646e-01
-8.657217788709950512e-02 4.907839290652052933e-01
-1.215303777479867370e-01 4.856148558904773704e-01
-1.572879400275873918e-01 4.837575461271944044e-01
-1.935175295167185228e-01 4.852690743435024712e-01
-2.299012866955840173e-01 4.901395836493174230e-01
-2.661422710648230217e-01 4.983072352714343900e-01
-3.019690769630972715e-01 5.096722221080627335e-01
-3.371365969722195377e-01 5.241068848408557690e-01
-3.714258841972432057e-01 5.414620887831330664e-01
-4.046445339282325193e-01 5.615716467219815655e-01
-4.366274685251711474e-01 5.842565454196320118e-01
-4.672372605933105549e-01 6.093298585482604945e-01
-4.963631516859768888e-01 6.366023246388857748e-01
-5.239183372342921530e-01 6.658880349327205295e-01
-5.498355404226368259e-01 6.970095413035723997e-01
-5.740612037548949997e-01 7.298018159828885132e-01
-5.965487481061749753e-01 7.641147115975146509e-01
-6.172513241940312811e-01 7.998137689683291196e-01
-6.361143730029975574e-01 8.367793466842032846e-01
-6.530681727798128833e-01 8.749040902964252409e-01
-6.680204095417057175e-01 9.140887305637015459e-01
-6.808486693993257566e-01 9.542361062161207608e-01
-6.913926045108936824e-01 9.952431299406160337e-01
-6.994453665389549490e-01 1.036990102190307406e+00
-7.047437634389528416e-01 1.079326225424295460e+00
-7.069565949343068478e-01 1.122049227187358111e+00
-7.056710836229282968e-01 1.164875463689619250e+00
-7.003790749967673257e-01 1.207394617416277294e+00
-6.904697547386969836e-01 1.249000674881201700e+00
-6.752483228793713099e-01 1.288791860517795484e+00
-6.540260313047835394e-01 1.325450119854564957e+00
-6.263565104040530462e-01 1.357178447681113065e+00
-5.924401058878336901e-01 1.381903797672114687e+00
-5.534254629291791572e-01 1.397915985167535569e+00
-5.111221074949048315e-01 1.404518404607388860e+00
-4.672992759673397778e-01 1.401979116170943840e+00
-4.232903472077245710e-01 1.391023365232565645e+00
-3.800134582385594761e-01 1.372450689941554280e+00
-3.381238506616223161e-01 1.346976278422776785e+00
-2.981422812135768874e-01 1.315205430075172099e+00
-2.605312333330309649e-01 1.277665048845990858e+00
-2.257245909366983883e-01 1.234848912068398530e+00
-1.941249696738610031e-01 1.187249334936734124e+00
-1.660910225966365505e-01 1.135362357954042167e+00
-1.419368679913784181e-01 1.079670712530213850e+00
-1.219560374107033218e-01 1.020619904731465910e+00
-1.064709526435198284e-01 9.586046910174513824e-01
-9.590153006122550949e-02 8.939802434438705037e-01
-9.084270195922491964e-02 8.271092361121117342e-01
-9.213713885754340471e-02 7.584547130176495511e-01
-1.009223527923755054e-01 6.887279403030975855e-01
-1.186154643515510143e-01 6.190961117523439139e-01
-1.467678080405696583e-01 5.514328006259024972e-01
-1.866813995877266430e-01 4.885191956418768466e-01
-2.387048943168999793e-01 4.339343230496366388e-01
-3.014289167471209119e-01 3.912264019571143336e-01
-3.716010444188813100e-01 3.624113923191202846e-01
-4.453984980473164046e-01 3.470784219571763640e-01
-5.200048333248787902e-01 3.432402841251384618e-01
-5.939794350187657113e-01 3.488820845686972372e-01
-6.666191933260213753e-01 3.627415631836830578e-01
-7.372879894539093870e-01 3.842236059403014714e-01
-8.051579571872510277e-01 4.129922463700380075e-01
-8.692750351998073111e-01 4.486513639523609376e-01
-9.287198650907017017e-01 4.906287958627439938e-01
-9.827197590338712097e-01 5.382093373283470816e-01
-1.030667173501710998e+00 5.906339606201411740e-01
-1.072042491705245792e+00 6.472021226506057268e-01
-1.106248424237541439e+00 7.073261624873453668e-01
-1.132367073780003119e+00 7.704875701770774743e-01
-1.148850540508569607e+00 8.360343348531785734e-01
-1.153168289625501775e+00 9.027065422562444708e-01
-1.141621132559659024e+00 9.676658809977016773e-01
-1.110410691140489181e+00 1.025112175304367934e+00
-1.059727649794667714e+00 1.067216802034747447e+00
-9.959326172572897651e-01 1.090129121836231008e+00
-9.258321101997315505e-01 1.095224624160222815e+00
-8.534249874843344852e-01 1.085217390402096527e+00
-7.808256597165270652e-01 1.062323355325557328e+00
-7.094096308744736179e-01 1.027950003676586510e+00
-6.403955149805924396e-01 9.829540486744061667e-01
-5.750555912176633644e-01 9.279223484062302241e-01
-5.147816722732255768e-01 8.633563397872942025e-01
-4.611310522688253921e-01 7.897628022287495053e-01
-4.159320930524079696e-01 7.076989394823660628e-01
-3.815022711700220559e-01 6.178599405700390124e-01
-3.609845813233878431e-01 5.213541246007059593e-01
-3.586575639153391504e-01 4.203896186113629252e-01
-3.796073994681954389e-01 3.195356490359295698e-01
-4.273772406458495876e-01 2.267552961143545764e-01
-4.994858262472092747e-01 1.510591795358280365e-01
-5.869389969025851084e-01 9.616522793813865599e-02
-6.810897714757859767e-01 5.928926856460433464e-02
-7.777381733398205377e-01 3.632345995421292634e-02
-8.755056942979739798e-01 2.503677741670225221e-02
-9.734082768589670254e-01 2.521310309212376061e-02
-1.069702505718992613e+00 3.752463522078851310e-02
-1.161850336563430730e+00 6.250111783658858500e-02
-1.246882176726550107e+00 1.000396435067434642e-01
-1.321696858137649588e+00 1.493002241759668891e-01
-1.383169595469538216e+00 2.087757527393069024e-01
-1.427968852352700546e+00 2.763702942504753235e-01
-1.452112155769837987e+00 3.490956182383983530e-01
-1.451274836869180351e+00 4.220066445388501730e-01
-1.423610101274491058e+00 4.878892558401519697e-01
-1.372639333027058983e+00 5.404329732060415559e-01
-1.304915045046002753e+00 5.775433040887376634e-01
-1.225681643004945975e+00 5.999231496267967145e-01
-1.138142458089506981e+00 6.081143251516593073e-01
-1.044906047008327565e+00 6.018407183600692489e-01
-9.487253402128306146e-01 5.806617742644141211e-01
-8.524262955145847087e-01 5.444160529525875480e-01
-7.587665269470997842e-01 4.931606561481028939e-01
-6.706017763999969628e-01 4.268768538619622799e-01
-5.914678862844160445e-01 3.452301303104967078e-01
-5.266742375459601000e-01 2.477244799214163851e-01
-4.847088213894298891e-01 1.350522831015154579e-01
-4.767797838627914619e-01 1.271727831505067852e-02
-5.091515865175576527e-01 -1.061656542143650794e-01
-5.735292775378035834e-01 -2.090553089901368011e-01
-6.555544880112129658e-01 -2.937193663339011107e-01
-7.467740818180350626e-01 -3.634041072111292570e-01
-8.442952135453131168e-01 -4.205930775360272600e-01
-9.471630581851250286e-01 -4.650020210319850134e-01
-1.053810759335253477e+00 -4.942426939907107464e-01
-1.161047389226433468e+00 -5.051401943806637096e-01
-1.263741875205837140e+00 -4.947418443010623279e-01
-1.354582807723516913e+00 -4.614391892732478961e-01
-1.424844503583887034e+00 -4.070838050788340157e-01
-1.467986076401189388e+00 -3.384710177385897856e-01
-1.481898934384720201e+00 -2.643729092670090708e-01
-1.467247539144456381e+00 -1.926606118449234462e-01
-1.428556660944449996e+00 -1.285632376626792417e-01
-1.372465695031623412e+00 -7.244782148403208777e-02
-1.302342422827875934e+00 -2.311051137522009830e-02
-1.218888114754469232e+00 1.814710823306889265e-02
-1.123406967898749720e+00 4.817910826720264716e-02
-1.018526887783049562e+00 6.400412905981256451e-02
-9.074898166227214347e-01 6.360926497136228097e-02
-7.935906905268115263e-01 4.556113647884203754e-02
-6.803099554487718192e-01 8.211830421753676945e-03
-5.722998527038728467e-01 -5.105686836108936505e-02
-4.775872355348463882e-01 -1.357630539353365806e-01
-4.097062667860978391e-01 -2.467555100292261050e-01
-3.813809065152629629e-01 -3.744812936061180930e-01
-3.894603146662506399e-01 -5.026772634949162599e-01
-4.213861202186274801e-01 -6.230982110039999800e-01
-4.691822281355119140e-01 -7.347900150311644785e-01
-5.299884807742234472e-01 -8.378209691437796813e-01
-6.032565025410154824e-01 -9.303064658832771450e-01
-6.882677962396751559e-01 -1.008256910099443848e+00
-7.828068694703581576e-01 -1.066252857877462379e+00
-8.821339962921971312e-01 -1.098084459015138625e+00
-9.777086174230642523e-01 -1.098560418476730804e+00
-1.058348134533670715e+00 -1.068169474989509427e+00
-1.115802521466315644e+00 -1.014262843611241305e+00
-1.145722818254762521e+00 -9.454031605211848932e-01
-1.148348489088130142e+00 -8.696286145067035900e-01
-1.129822180342928473e+00 -7.918201625881635675e-01
-1.095303937525780924e+00 -7.125487258141818270e-01
-1.045036649237912396e+00 -6.326416390581878213e-01
-9.780423957593624706e-01 -5.554188042084763355e-01
-8.946410400321993528e-01 -4.852474326843813635e-01
-7.964890794898712434e-01 -4.260649133685175394e-01
-6.857907294200796811e-01 -3.812486611593349228e-01
-5.649063993681029405e-01 -3.543973141004788663e-01
-4.368246071867807334e-01 -3.505716624173569884e-01
-3.072666720207831714e-01 -3.774104857115420653e-01
-1.886089240517748733e-01 -4.426491193892980736e-01
-9.719340189244382588e-02 -5.428615729995084349e-01
-3.675676110826107262e-02 -6.606925475642722034e-01
3.310252858378243124e-04 -7.832569045538526620e-01
2.002162547928132072e-02 -9.065713554817458331e-01
2.394635635955803463e-02 -1.029500303998629240e+00
1.072027454089654989e-02 -1.149799105988723147e+00
-2.184276264552691832e-02 -1.262795708528095195e+00
-7.511868606976621066e-02 -1.361117603613431370e+00
-1.477002868620412301e-01 -1.434558377326144774e+00
-2.318490026063916853e-01 -1.472997229251853613e+00
-3.145065883479291058e-01 -1.475122949417825735e+00
-3.853296693138655304e-01 -1.446737178728107587e+00
-4.376690045377904514e-01 -1.394069301394078142e+00
-4.707324406320750332e-01 -1.324996782444232801e+00
-4.897602942127187164e-01 -1.245333416858506626e+00
-4.974714696217380494e-01 -1.156050588912591603e+00
-4.917742971322942580e-01 -1.057921672687589965e+00
-4.695227139185109699e-01 -9.540132708990880506e-01
-4.289025301713258465e-01 -8.486309276953666325e-01
-3.694741932450694155e-01 -7.460930198666860802e-01
-2.912857197334014492e-01 -6.506079261850740147e-01
-1.942022544877479717e-01 -5.671306604712818000e-01
-7.806682141163101551e-02 -5.031502071727488312e-01
5.458345188749241794e-02 -4.705728805663234593e-01
1.925029111632363121e-01 -4.808779944488888458e-01
3.197434269005341445e-01 -5.293971098482472826e-01
4.309402528691036460e-01 -6.000770769357448575e-01
5.278642166914024880e-01 -6.835683625898569815e-01
6.118515789556304707e-01 -7.768616198843697473e-01
6.812567166360128379e-01 -8.789491062661956011e-01
7.319843537882878559e-01 -9.878997340708630670e-01
7.586472061325839622e-01 -1.099455896571535085e+00
7.557045073149271097e-01 -1.205784895816174984e+00
7.209298206227414685e-01 -1.294558974745350088e+00
6.615518041485726197e-01 -1.354360709204347035e+00
5.900759706290805706e-01 -1.381955440148914471e+00
5.166324880216860427e-01 -1.377643312198034931e+00
4.480504895218542227e-01 -1.346241683501920861e+00
3.848229189482675894e-01 -1.296286688556117950e+00
3.248201557757555147e-01 -1.231667142214154076e+00
2.693731355082839007e-01 -1.151872149852950500e+00
2.226820978145041818e-01 -1.057037073776610381e+00
1.890410148487749464e-01 -9.492083115332808907e-01
1.716392198639222488e-01 -8.314884999654778008e-01
1.730305230582474818e-01 -7.072396014996098490e-01
1.961751496270495998e-01 -5.801775485281993605e-01
2.454895736930286787e-01 -4.556377438782850398e-01
3.264369387560924762e-01 -3.435392839829898293e-01
4.389216352571300717e-01 -2.594949060667621210e-01
5.689857659976765847e-01 -2.117776544727385801e-01
7.015632940107442428e-01 -1.922035165736042384e-01
8.314551309790577660e-01 -1.920199770600994615e-01
9.577091028602191525e-01 -2.077532528466984607e-01
1.078554833398048363e+00 -2.395715586084857240e-01
1.189720739649947845e+00 -2.886911825762596417e-01
1.284334369327360337e+00 -3.554852800489962106e-01
1.352870276132356775e+00 -4.377592278496912348e-01
1.385004286125461892e+00 -5.275664132377835269e-01
1.378408102976087068e+00 -6.109192155354051801e-01
1.341159781614943425e+00 -6.768193461321699855e-01
1.281778543984016361e+00 -7.189504314810577501e-01
1.208900055082289260e+00 -7.368291789743194320e-01
1.128406891259529310e+00 -7.370290381003130609e-01
1.041010541221983221e+00 -7.240127876829208775e-01
9.473391353703900508e-01 -6.964786449490679709e-01
8.507221716665078759e-01 -6.517902786300330265e-01
7.557900127516723465e-01 -5.887539387778483180e-01
6.669839905213486020e-01 -5.077052514893128921e-01
5.884233928874003094e-01 -4.095764022345177446e-01
5.247884034712393397e-01 -2.953024085114734354e-01
4.829594056913583122e-01 -1.661461513255013678e-01
4.735108453318128130e-01 -2.634385795301005806e-02
5.057066697440373293e-01 1.119235945482492944e-01
5.729534030344619611e-01 2.342470751329243095e-01
6.591358757299217164e-01 3.380236599655188634e-01
7.558372351124036381e-01 4.262027157413840195e-01
8.605274580614798996e-01 5.001782490200372688e-01
9.719533729501008690e-01 5.581514661287138024e-01
1.087473998088466454e+00 5.961021187555965994e-01
1.201839662209835957e+00 6.090059357237784798e-01
1.305855216346155423e+00 5.921160079880947169e-01
1.385881003741354478e+00 5.452050036629455532e-01
1.431607726959122973e+00 4.784771140355728591e-01
1.442439105188587423e+00 4.056072167716771038e-01
1.420994043269495855e+00 3.367666648599151880e-01
1.374576064154157340e+00 2.770705491186315483e-01
1.311734633636801206e+00 2.245336734748353269e-01
1.234813289719745244e+00 1.769172623368175934e-01
1.143343831659572984e+00 1.364144890340656668e-01
1.038423006156895534e+00 1.073775831075546444e-01
9.229234559323585829e-01 9.356500797306183115e-02
8.003824470673910341e-01 9.751471325914476407e-02
6.744588228842079980e-01 1.213209325619084428e-01
5.493943415759028337e-01 1.676839301815974126e-01
4.317532417433029290e-01 2.406385192800297723e-01
3.333467911208265466e-01 3.436412773824910616e-01
2.681949639236984595e-01 4.711382464951113791e-01
2.365539780749535415e-01 6.072303127590359395e-01
2.281575877551370313e-01 7.419097268666026146e-01
2.369211794785910097e-01 8.728840607639705151e-01
2.613807523902085261e-01 9.991472764838643661e-01
3.023563675165426012e-01 1.117742972650868971e+00
3.606448858479563424e-01 1.223169142967552414e+00
4.355076048528426225e-01 1.307306479786672027e+00
5.223420342194592392e-01 1.359496045699147171e+00
6.092576397579136938e-01 1.371320911183646851e+00
6.819224366968591466e-01 1.346615334890214788e+00
7.316715865611094216e-01 1.295289763854014398e+00
7.550179525518568857e-01 1.226741577353369195e+00
7.566157118571664730e-01 1.149150240828625380e+00
7.435442995767450602e-01 1.065122325807557724e+00
7.166761789587300369e-01 9.745781826225177191e-01
6.735312053148713174e-01 8.798091369366403125e-01
6.123368609238326599e-01 7.851851500740562040e-01
5.330520687357616083e-01 6.952873161428360094e-01
4.365895972192705976e-01 6.142239858246235640e-01
3.240059738346555696e-01 5.461854123120912785e-01
1.963873433884888997e-01 4.967826275906882527e-01
5.634627625625099334e-02 4.748391709023822571e-01
-8.746206958287303102e-02 4.908207959190297176e-01
-2.205054836217382463e-01 5.442363721750993477e-01
-3.365418486816741384e-01 6.204700850914107724e-01
-4.373573251169029508e-01 7.093299372360557520e-01
-5.244573582811420387e-01 8.074605355721214961e-01
-5.965190814568787081e-01 9.136314872299315937e-01
-6.497603316273908858e-01 1.025792432586282832e+00
-6.790253181056328247e-01 1.139651132128793876e+00
-6.786484471529964368e-01 1.247304222032950882e+00
-6.455924996207840216e-01 1.335575639546038529e+00
-5.870021487142019767e-01 1.391006526677974531e+00
-5.173861044175844803e-01 1.410286463122027989e+00
-4.484715275763261899e-01 1.395295902860601789e+00
-3.869866779900393849e-01 1.352982346345720677e+00
-3.320671758714234811e-01 1.292860213108571799e+00
-2.812246834882980995e-01 1.218248553959356162e+00
-2.361857804041230247e-01 1.128611513983898584e+00
-2.012478000057242311e-01 1.024611237260950380e+00
-1.803931463507620625e-01 9.087618194128289639e-01
-1.764066789971395766e-01 7.843766338028702600e-01
-1.915550431160260303e-01 6.548981901420879437e-01
-2.286559461930149639e-01 5.241949084219794663e-01
-2.919707931050072869e-01 3.980872700833282263e-01
-3.857698488621946198e-01 2.872429213561599193e-01
-5.061327145496362645e-01 2.050820759939932791e-01
-6.383036850848805566e-01 1.530551418171859357e-01
-7.722483883984223585e-01 1.229823894941316498e-01
-9.052056157743259002e-01 1.101205320599430576e-01
-1.035746061805655316e+00 1.136876927001253396e-01
-1.160738457720080774e+00 1.350369348102535838e-01
-1.274600574664570773e+00 1.756960406575818201e-01
-1.368859260186692683e+00 2.360306267548254178e-01
-1.431715712318191613e+00 3.127120365850417083e-01
-1.452964030918500793e+00 3.942677193290224369e-01
-1.435207229636926041e+00 4.654040558528445004e-01
-1.387619335063077441e+00 5.160635561323293485e-01
-1.320005078133127618e+00 5.425724105594808000e-01
-1.241116265791751827e+00 5.501483668238832392e-01
-1.153554242582012446e+00 5.448101502185662692e-01
-1.057495521919152859e+00 5.262836736291701678e-01
-9.554362329965411238e-01 4.916556649235872545e-01
-8.516479781326629084e-01 4.389289157859903034e-01
-7.505422038718791988e-01 3.677210682127186048e-01
-6.561873193613538824e-01 2.784121664934475215e-01
-5.729437392438239129e-01 1.713478490944392862e-01
-5.069380993974758054e-01 4.672120938240034715e-02
-4.678832731583943971e-01 -9.358091988139954909e-02
-4.657208822991206199e-01 -2.408481387524119832e-01
-4.969775103209935208e-01 -3.818289515724084815e-01
-5.488626748826380686e-01 -5.114730565903142789e-01
-6.147110681466321225e-01 -6.300374374547466072e-01
-6.925361258603165426e-01 -7.372078967323288934e-01
-7.815782604199064121e-01 -8.301680148103258716e-01
-8.800945383964052793e-01 -9.039458463779138642e-01
-9.840598102353113052e-01 -9.518607316039385813e-01
-1.085096175131081031e+00 -9.661254305800361930e-01
-1.168458162463605010e+00 -9.428239032134588804e-01
-1.220913849319664735e+00 -8.908135279243486471e-01
-1.238538100050216695e+00 -8.243324944821949218e-01
-1.223160673560612199e+00 -7.545708465519582742e-01
-1.183864236508749501e+00 -6.869192319025000382e-01
-1.128413431064458461e+00 -6.202993758920408718e-01
-1.057423641339269249e+00 -5.544088125820535451e-01
-9.699251744006578413e-01 -4.925747666714885287e-01
-8.665986628148144577e-01 -4.394169404061893935e-01
-7.496407370725507446e-01 -3.988243679853780144e-01
-6.217531511563090252e-01 -3.738457414325092043e-01
-4.857448239748761720e-01 -3.675926682759815267e-01
-3.451029078481057111e-01 -3.844604750729734288e-01
-2.061964211974170735e-01 -4.308010823789355515e-01
-8.087336106211651110e-02 -5.104625562359165203e-01
2.131089672434879900e-02 -6.147466314467101567e-01
1.025723902340519023e-01 -7.303788808406005417e-01
1.667580559727642464e-01 -8.516577586691543855e-01
2.147810101870775146e-01 -9.766338040177040547e-01
2.448607504854494465e-01 -1.103126922196407733e+00
2.539420173252681656e-01 -1.227051663777471990e+00
2.387357926515892570e-01 -1.341586546878509090e+00
1.971693300503014612e-01 -1.435725679336916860e+00
1.333988559803467311e-01 -1.494694017279810661e+00
6.194455205462620628e-02 -1.511042345582575441e+00
-2.445222815777678416e-03 -1.489220812501349744e+00
-5.099344936457800986e-02 -1.437315029538138278e+00
-8.414182933405574272e-02 -1.366300350335901914e+00
-1.072374273814311191e-01 -1.282328289655173537e+00
-1.209821528805747476e-01 -1.185820746352679755e+00
-1.221339730625918552e-01 -1.077853585599942488e+00
-1.072862002477999038e-01 -9.615815915680374637e-01
-7.448571170542098163e-02 -8.409918269847805883e-01
-2.276284615230993874e-02 -7.199985744591125281e-01
4.883351192356073095e-02 -6.026072716925059414e-01
1.419244393753320843e-01 -4.940349917541723701e-01
2.581446244252581512e-01 -4.028336731563364470e-01
3.940913082376508170e-01 -3.404064132662398268e-01
5.376973901931371147e-01 -3.092989582126177694e-01
6.797913344156121251e-01 -3.009241487700758388e-01
8.178086041724943467e-01 -3.097684918835779677e-01
9.503878672176450104e-01 -3.343820523159442559e-01
1.074502957591309649e+00 -3.751801233664401880e-01
1.184911059749631734e+00 -4.325268029074840759e-01
1.273898518113965483e+00 -5.055095091142373098e-01
1.330711967728285483e+00 -5.898114586820636385e-01
1.344953865835376794e+00 -6.734544849063932581e-01
1.318737330597933521e+00 -7.398663287442822645e-01
1.264112051235511291e+00 -7.790500127501189809e-01
1.193010874099966090e+00 -7.887207127668872664e-01
1.114225639453703787e+00 -7.761760181285100035e-01
1.029577274871062320e+00 -7.486258421168271449e-01
9.392931710753298358e-01 -7.062057143148910976e-01
8.463698637763558130e-01 -6.467535938786816985e-01
7.553474148453349635e-01 -5.693158568269405251e-01
6.705252595180408726e-01 -4.745264375182659533e-01
5.956417404875355981e-01 -3.636744524824299662e-01
5.346126322846320722e-01 -2.380520808482890771e-01
4.928872922035125725e-01 -9.908458284833465690e-02
4.786578301566911109e-01 4.969464901350836850e-02
4.984015507903715170e-01 1.988669501246455584e-01
5.459005233390819001e-01 3.382189266041567000e-01
6.104589190723702652e-01 4.655244950931528569e-01
6.875243720375466827e-01 5.810508728874359541e-01
7.755652638393203402e-01 6.836889738404530181e-01
8.732858576953572705e-01 7.700980044978502637e-01
9.780357379874285995e-01 8.352188172985036685e-01
1.084574540842329959e+00 8.724471837898664095e-01
1.182526921346474191e+00 8.744800329774295999e-01
1.255195749733452493e+00 8.400139012241091274e-01
1.290910314758274779e+00 7.815155410717403717e-01
1.288394190448215237e+00 7.143794056534122916e-01
1.253846484494125502e+00 6.490583770214881643e-01
1.198628844910027524e+00 5.875739321106379087e-01
1.127780985419934323e+00 5.279188844155938698e-01
1.040872213544117297e+00 4.713643784985552809e-01
9.379691004217014516e-01 4.220529233331113961e-01
8.209483835435558152e-01 3.841746983757864387e-01
6.926251884462166775e-01 3.608214440010678592e-01
5.559468317584356223e-01 3.544893031913884385e-01
4.140199267330362254e-01 3.680961457975579498e-01
2.712000506436360592e-01 4.060112080467477291e-01
1.355996483205594294e-01 4.731143691841092624e-01
1.778728638618166935e-02 5.672303133606928505e-01
-7.991955402572831213e-02 6.769079446429239200e-01
-1.605585192648835702e-01 7.945616075580665960e-01
-2.252458422628976775e-01 9.174927032356541279e-01
-2.727322663489034071e-01 1.043686214229049947e+00
-3.002167537188695223e-01 1.169827364151869276e+00
-3.042543651422924822e-01 1.290396306338709831e+00
-2.814495342735536809e-01 1.396267624881262437e+00
-2.316393470460386961e-01 1.472850240879183481e+00
-1.654559485338993330e-01 1.506088273345085105e+00
-1.002751213860838680e-01 1.495983989551576521e+00
-4.840245391277044756e-02 1.450391499014660246e+00
-1.231902483009549021e-02 1.381499349692922429e+00
1.314662953818884761e-02 1.298094496646243101e+00
2.986359496403499791e-02 1.201487080051494072e+00
3.508630507025246870e-02 1.092405965330819573e+00
2.528252043221597412e-02 9.736353743685489670e-01
-1.753898771938964402e-03 8.490108527094992752e-01
-4.708826326760406911e-02 7.223489270321999944e-01
-1.115730493427223163e-01 5.973791965144157334e-01
-1.966092227367196021e-01 4.785541871307498196e-01
-3.039887020000569540e-01 3.727930838845709971e-01
-4.320437665712740793e-01 2.898046468229368289e-01
-5.712281343116767385e-01 2.332839096104680210e-01
-7.128852842425073000e-01 1.977166225559962021e-01
-8.538282504561516273e-01 1.795030376405852002e-01
-9.920786794559577348e-01 1.780052122529649783e-01
-1.124402164080569033e+00 1.941351824375031621e-01
-1.245602646538813030e+00 2.289833755568226326e-01
-1.347857315932869726e+00 2.829190102562912368e-01
-1.419376031855161369e+00 3.535745421607718320e-01
-1.446733372829462905e+00 4.304765216325778798e-01
-1.428758865385257648e+00 4.955944551585497737e-01
-1.376913623324951486e+00 5.363180546867927223e-01
-1.304417294764699475e+00 5.498935815551639905e-01
-1.221226085866589095e+00 5.439787947091359044e-01
-1.129486547948108655e+00 5.243604503889146562e-01
-1.029922395235828736e+00 4.902218631769587054e-01
-9.257437001635064888e-01 4.391359180821587938e-01
-8.213532585445297851e-01 3.699899181619046296e-01
-7.208696410666473042e-01 2.831026225407844432e-01
-6.279574601618868046e-01 1.793019940710426918e-01
-5.465465062287102604e-01 5.930727588598455613e-02
-4.821450546696495199e-01 -7.615650984291852388e-02
-4.425681513429253200e-01 -2.241720634527045175e-01
-4.319984636726035832e-01 -3.763428497773533277e-01
-4.442562834428926410e-01 -5.247258905114154937e-01
-4.734107026331864088e-01 -6.666574097694817347e-01
-5.174264105473685982e-01 -8.006706600858868317e-01
-5.757621213691750395e-01 -9.240600200079112092e-01
-6.477793810883739622e-01 -1.032330254644945544e+00
-7.316933506807138388e-01 -1.119049268354777027e+00
-8.229709239068102589e-01 -1.175114416363865599e+00
-9.103203585157599864e-01 -1.189846365965234076e+00
-9.751086896992381403e-01 -1.161818073997746614e+00
-1.005430883866675895e+00 -1.104944186456082056e+00
-1.000019008575113277e+00 -1.034487436931554427e+00
-9.683004269183654866e-01 -9.601435301453663529e-01
-9.194410652373613546e-01 -8.832516650097528288e-01
-8.545020007459310785e-01 -8.038563406624116281e-01
-7.722663700353959992e-01 -7.250937649651498784e-01
-6.728453918655256105e-01 -6.514763223123455349e-01
-5.578457859169180244e-01 -5.869490468369883418e-01
-4.294137870116487843e-01 -5.346415426246282632e-01
-2.897079501090424891e-01 -4.975834055136025280e-01
-1.411128978768360076e-01 -4.797612563065253855e-01
1.219564633847028401e-02 -4.867611009550216750e-01
1.621751184899520581e-01 -5.217475813929727257e-01
3.021013451810076189e-01 -5.786402904128296054e-01
4.306765314897883501e-01 -6.502836429654121897e-01
