5.602699488008305580e-05 1.500000000000000000e+00
2.281950493289480102e-04 1.499999890634597488e+00
5.684081423860035511e-04 1.499999193271451370e+00
1.127435308613499755e-03 1.499996666933910650e+00
1.956903584473829432e-03 1.499989787624999238e+00
3.109676331512825458e-03 1.499974049225902162e+00
4.639830345237230466e-03 1.499942057342812163e+00
6.602101755942394595e-03 1.499882435291665095e+00
9.051068164354971260e-03 1.499778583800044141e+00
1.204038211674150934e-02 1.499607333304240564e+00
1.562215323973733735e-02 1.499337514292999218e+00
1.984638750210125993e-02 1.498928463456258076e+00
2.476030488642519400e-02 1.498328495408798755e+00
3.040735705052746707e-02 1.497473406125903628e+00
3.682582396505511280e-02 1.496285126632568518e+00
4.404695180533317600e-02 1.494670697644423285e+00
5.209267985760306086e-02 1.492521771722246315e+00
6.097308040450190314e-02 1.489714857677480797e+00
7.068370046427592535e-02 1.486112495207430717e+00
8.120304743216051613e-02 1.481565481246541305e+00
9.249049582750142051e-02 1.475916162045235458e+00
1.044848953694247629e-01 1.469002663651909790e+00
1.171041151284645671e-01 1.460663779067575163e+00
1.302456568759760847e-01 1.450744097312130165e+00
1.437883236881827842e-01 1.439098886895726626e+00
1.575947675705572093e-01 1.425598261217643437e+00
1.715146020539058402e-01 1.410130258629221700e+00
1.853876856466686596e-01 1.392602640148673299e+00
1.990471740400095446e-01 1.372943400771862388e+00
2.123219955955276406e-01 1.351100163096510931e+00
2.250385029696327643e-01 1.327038744781240176e+00
2.370211654671154078e-01 1.300741253071991732e+00
2.480922668408103715e-01 1.272204065896520353e+00
2.580706448297069855e-01 1.241436026529907810e+00
2.667695440727617107e-01 1.208457129085227288e+00
2.739936536926565469e-01 1.173297926699093274e+00
2.795353712572328231e-01 1.135999872307275282e+00
2.831702861333715293e-01 1.096616819212069993e+00
2.846518194685503378e-01 1.055217979365695058e+00
2.837049092927528271e-01 1.011892776924034898e+00
2.800186068625984959e-01 9.667582645016888909e-01
2.732374877280802083e-01 9.199701217770152040e-01
2.629519442567014864e-01 8.717387764710485820e-01
2.486878521935274033e-01 8.223529294244733556e-01
2.298970715381078722e-01 7.722137513402189679e-01
2.059522996039477583e-01 7.218841101343225208e-01
1.761539298613340188e-01 6.721576999626897031e-01
1.397642321555795097e-01 6.241506554617816116e-01
9.609617929495714583e-02 5.794073294702959398e-01
4.469555394468719550e-02 5.399807481697502798e-01
-1.435969761170075021e-02 5.083862388926542186e-01
-8.011673597635426969e-02 4.872697078818613581e-01
-1.506258955355273266e-01 4.787440995080697315e-01
-2.233144335815166193e-01 4.837591139647210436e-01
-2.956461434831141322e-01 5.020588633276125146e-01
-3.655237992774884592e-01 5.326419619008990747e-01
-4.313434025058695553e-01 5.741769270117214052e-01
-4.919408433511918699e-01 6.252176240882399982e-01
-5.465213910294334232e-01 6.843408331598171968e-01
-5.945496701007049190e-01 7.502559806247021124e-01
-6.355957208981060091e-01 8.218667190742637851e-01
-6.691576272045974827e-01 8.982650748935478990e-01
-6.944739914273120318e-01 9.786531969296020650e-01
-7.103155806406832307e-01 1.062179913157893063e+00
-7.147209981925071176e-01 1.147633603838452032e+00
-7.046391391231416890e-01 1.232812647301741560e+00
-6.756022239369109395e-01 1.313121766014056835e+00
-6.225885013021539294e-01 1.378779047094799592e+00
-5.460120932422672935e-01 1.413707940407704644e+00
-4.583307219467193105e-01 1.409285218708836274e+00
-3.713001341529562072e-01 1.372433109932011286e+00
-2.906414164669653410e-01 1.309856967011459261e+00
-2.196440284365207274e-01 1.226304749014445195e+00
-1.609512225158720444e-01 1.125392081172020164e+00
-1.170549027483094306e-01 1.010208128863729238e+00
-9.084877579073802334e-02 8.834767903932949640e-01
-8.675150073630912007e-02 7.480913833236096933e-01
-1.119911884056263851e-01 6.090050891918773468e-01
-1.764445045512343380e-01 4.773777630477664680e-01
-2.861029311492489513e-01 3.751280645922208112e-01
-4.281152158932466367e-01 3.246925471509775063e-01
-5.780239439585692640e-01 3.224856401417287022e-01
-7.238602054351234161e-01 3.550186938265687542e-01
-8.594080768713254770e-01 4.165073492843502923e-01
-9.790083601610524155e-01 5.026122316278166524e-01
-1.077670661641147554e+00 6.087319754052249454e-01
-1.150185006621836425e+00 7.306238127596785814e-01
-1.187199320306304706e+00 8.637190427700509598e-01
-1.168816189625879964e+00 9.952890598337905681e-01
-1.074484741891505779e+00 1.082224871889292395e+00
-9.387045688407036348e-01 1.094561176252988544e+00
-7.949451214251281872e-01 1.057090049763651729e+00
-6.553997939106943615e-01 9.774427051999470262e-01
-5.285596183762055755e-01 8.612122651608128399e-01
-4.244911658626417394e-01 7.113940612355581505e-01
-3.574540705005957997e-01 5.315145208346256922e-01
-3.520259358868552679e-01 3.312409599958836548e-01
-4.402226659761093730e-01 1.463813094328293984e-01
-6.080814772133695811e-01 3.323005843163742701e-02
-7.991299107108000843e-01 -1.939741398244713283e-02
-9.944771464877544265e-01 -2.830582120609113905e-02
-1.182889358494082721e+00 7.237676092402771377e-03
-1.349014651138246146e+00 8.757526837859450075e-02
-1.471398947942688107e+00 2.104012487030815781e-01
-1.511612826445337454e+00 3.636941014621136725e-01
-1.430815471170698405e+00 4.896196544253347271e-01
-1.280366775822775027e+00 5.531398872280579582e-01
-1.100939364793257713e+00 5.653891921285036926e-01
-9.080101161462937887e-01 5.276790283928448622e-01
-7.171776295080114494e-01 4.364741738570847573e-01
-5.491254357987738199e-01 2.876063002876535490e-01
-4.414299675597798123e-01 7.813929273669120712e-02
-4.594841307807914221e-01 -1.609428360897584842e-01
-5.987342653290950167e-01 -3.474896131702929214e-01
-7.771289998728925230e-01 -4.872852544322943125e-01
-9.782211695628583170e-01 -5.821973193671020619e-01
-1.190081184562229666e+00 -6.190550298365348203e-01
-1.385255354921696824e+00 -5.782866853618289227e-01
-1.501148997235121962e+00 -4.483291155592824540e-01
-1.472379419963730340e+00 -2.894285716409102927e-01
-1.354285836052056435e+00 -1.580232889493377035e-01
-1.184845830436946024e+00 -6.019734335508243606e-02
-9.763248307626852807e-01 -3.851282214131931947e-03
-7.425879135619337656e-01 -6.520327651349739143e-03
-5.075522775776122320e-01 -8.803989578648627190e-02
-3.257639812230384568e-01 -2.733881669019276317e-01
-2.894854163155671789e-01 -5.276893674650424693e-01
-3.542153516642249644e-01 -7.647323379493061735e-01
-4.622159837924481596e-01 -9.802262591609111064e-01
-6.163454435710831181e-01 -1.156680192260187257e+00
-8.097537592699910469e-01 -1.258588646252732479e+00
-9.934160753971039703e-01 -1.224250285842207964e+00
-1.058062454941730124e+00 -1.069477963471289650e+00
-1.029017820027638308e+00 -8.884258394281108195e-01
-9.343411712244844569e-01 -7.083001723137034578e-01
-7.822479501076841091e-01 -5.407361795090068757e-01
-5.718314591335715846e-01 -4.121231014970633266e-01
-3.139157202519821666e-01 -3.579158706984449378e-01
-5.101008305940857301e-02 -4.365044211652592820e-01
1.090847367855858063e-01 -6.503518512394372841e-01
1.883539197572322854e-01 -8.924722016187207618e-01
2.195091152375908683e-01 -1.140626228280134935e+00
1.833630313051892724e-01 -1.379288625011139802e+00
5.753184410143222238e-02 -1.556689383563536921e+00
-1.185916955471564838e-01 -1.557405407926178098e+00
-2.379990969384357391e-01 -1.421071689505505331e+00
-2.918364611689440724e-01 -1.229490268596671321e+00
-2.975966999527179802e-01 -1.008065253233113356e+00
-2.384353841355848491e-01 -7.695588796498292750e-01
-9.808823268978697496e-02 -5.432217961313861032e-01
1.358576947849303440e-01 -3.853292876270954515e-01
4.185706742504697875e-01 -3.910846284744841639e-01
6.524642519922219108e-01 -5.174812463129200291e-01
8.567827440482363999e-01 -6.777707717365309970e-01
1.012935340972022535e+00 -8.763852095149126109e-01
1.074386836841821458e+00 -1.101289798920499496e+00
9.662166639039538873e-01 -1.253400832127867348e+00
7.864102546874310873e-01 -1.236700161245426477e+00
6.162971227661810936e-01 -1.134345907280355226e+00
4.641028786550590590e-01 -9.728999435712828436e-01
3.449449675413688299e-01 -7.552097478394287355e-01
2.918729472841978811e-01 -4.891922990388937187e-01
3.508699304491540993e-01 -2.057177386992059542e-01
5.597321851446099839e-01 -1.461668592397991073e-03
8.221763918691649131e-01 7.440178091220822632e-02
1.086569842784856466e+00 1.058396130161234905e-01
1.343943447776707600e+00 7.650777432953356771e-02
1.550656221436277571e+00 -4.144965087965360451e-02
1.566612322688795134e+00 -2.261406802426018381e-01
1.413081406321914590e+00 -3.311034750867391518e-01
1.210988824143611753e+00 -3.668630184431000973e-01
9.817278505362533325e-01 -3.477488577959320093e-01
7.385773281098267917e-01 -2.619598391591411168e-01
5.138624069293106222e-01 -9.120838044485138352e-02
3.711317532590262536e-01 1.732303905264413191e-01
4.035548179468597119e-01 4.686436476428770259e-01
5.375163113642540402e-01 7.106345330157045614e-01
7.028580178213708063e-01 9.264052476000638192e-01
9.102180234781456214e-01 1.086999108342214138e+00
1.138114308683731535e+00 1.120187877512143881e+00
1.210265499408056611e+00 9.625341154572156777e-01
1.156295042757785829e+00 7.719924685707516554e-01
1.012553830027448365e+00 6.016665512387989745e-01
8.140593000920863798e-01 4.511371457151134301e-01
5.558002264284298555e-01 3.497588562392541789e-01
2.544513184760540669e-01 3.414635611670304161e-01
-2.240368811111298486e-02 4.873881505986635831e-01
-1.670006401062503754e-01 7.424853250168917951e-01
-2.555835459778150742e-01 1.007887368494656766e+00
-2.926282767962530285e-01 1.279957091435712346e+00
-2.360732071263376697e-01 1.529421507170533268e+00
-5.634119597245310085e-02 1.602373156511903929e+00
6.169986246536049435e-02 1.452882650377239626e+00
1.282166172612850819e-01 1.253837525101998640e+00
1.407963575534084966e-01 1.015317351160684334e+00
8.953734732354423631e-02 7.505867389612544960e-01
-5.176014909189557978e-02 4.891382320778028814e-01
-3.038007298970719638e-01 2.970035146792426861e-01
-6.109734891442951676e-01 2.741184518144055837e-01
-8.903929993129349185e-01 3.400370331239552790e-01
-1.153590723155455411e+00 4.455432223862638152e-01
-1.362912418549623084e+00 6.138914451024973795e-01
-1.400794560154341228e+00 8.263126821538511191e-01
-1.227056468294637881e+00 8.583971989540816194e-01
-1.029224891570002631e+00 8.258784976151162249e-01
-8.242883218838010784e-01 7.116408524474673314e-01
-6.260465040727647423e-01 5.337774109247205301e-01
-4.688469196738599409e-01 2.828829538047255010e-01
-4.084246827325942464e-01 -3.120617853195850611e-02
-5.178310605007244716e-01 -3.313290903843816859e-01
-7.140516934095650914e-01 -5.514649303353784671e-01
-9.357980539615335935e-01 -7.398187004597254202e-01
-1.186309520683642482e+00 -8.553035030340438993e-01
-1.410547486756561497e+00 -8.149261432370626945e-01
-1.371314554498208160e+00 -6.482985597247932219e-01
-1.245628074295561438e+00 -4.891424698984434549e-01
-1.039009836783549634e+00 -3.692053462298773847e-01
-7.815785562924080221e-01 -2.855936958503872414e-01
-4.802410836840065866e-01 -2.727561564713318898e-01
-1.696556984847615301e-01 -3.733970662024017062e-01
4.960774824730229682e-02 -6.150071794694975669e-01
1.586949993585560215e-01 -8.949933098189288838e-01
2.283959924801291230e-01 -1.183592995977323037e+00
2.170207032244866885e-01 -1.463005641294087500e+00
7.307680719350420628e-02 -1.635237568803404429e+00
-4.140275712251180462e-02 -1.505429874027020665e+00
-1.155235164184650887e-01 -1.317896817849861568e+00
-1.221644388439469819e-01 -1.077205364183225544e+00
-7.220993440590620094e-02 -8.076397766484300078e-01
5.975747017308497000e-02 -5.322789276749211318e-01
2.946914861737174873e-01 -3.005770532536146677e-01
6.087493867610738185e-01 -2.089548257622729777e-01
9.125856228431089567e-01 -2.169547946442956787e-01
1.208225502703357268e+00 -2.692266374054435585e-01
1.455010152150175484e+00 -3.970857431344724242e-01
1.523858853686128167e+00 -5.962764797377908543e-01
1.348086473569262367e+00 -6.251784359606814556e-01
1.147030792310923308e+00 -5.993511046117890873e-01
9.242110320055584305e-01 -5.029433158498437528e-01
6.985977986138937057e-01 -3.399161852793258221e-01
5.017135083175026100e-01 -1.014530275414212979e-01
3.862623287070269806e-01 2.105024476931501021e-01
4.205624775162406515e-01 5.345811911729706489e-01
5.271748713398293207e-01 8.232244884723969314e-01
6.791262445172771001e-01 1.083363734656402233e+00
8.865413121375858019e-01 1.260447496807188150e+00
1.074122382303043466e+00 1.220196913039311770e+00
1.019264864520027958e+00 1.040541822539308381e+00
9.047393411249246009e-01 8.630925850039159464e-01
7.273394930374220690e-01 6.869367223183052706e-01
4.841713896709588516e-01 5.351613328031885608e-01
1.823369436586341208e-01 4.393957378809477676e-01
-1.544729917471057701e-01 4.499066422061068216e-01
-4.459287065388669036e-01 5.901668336804377635e-01
-6.977132650215448484e-01 7.750381279292712922e-01
-8.970294992682271706e-01 9.990779322628822179e-01
-9.826947164996779893e-01 1.246536315623905322e+00
-8.495942313455902006e-01 1.347191434145360578e+00
-6.877435931828115301e-01 1.219859817755778897e+00
-5.528272396669868805e-01 1.029208452449924316e+00
-4.398710247270027907e-01 7.841185822925915705e-01
-3.786817612425268376e-01 4.848876745470985239e-01
-4.011708082851437873e-01 1.520646767477212280e-01
-5.492774710693831830e-01 -1.580001954734849279e-01
-7.746616963153316604e-01 -3.867503046634197528e-01
-1.027368672616252532e+00 -5.798718454073049644e-01
-1.300406512157287864e+00 -6.883460351267335353e-01
-1.520067246126598715e+00 -6.328826191236822662e-01
-1.425372567894020337e+00 -4.957758348366663181e-01
-1.254540569357908364e+00 -3.811990073321029904e-01
-1.014901532278523089e+00 -3.053971813659394074e-01
-7.280155732132584934e-01 -2.743786684776652329e-01
-4.102651409509687763e-01 -3.121704631628083870e-01
-9.442535935239132483e-02 -4.457750049655726521e-01
1.476739871124782555e-01 -6.805854636025353566e-01
3.290518381832364114e-01 -9.484567037473634610e-01
4.507703470579504934e-01 -1.236123932621282506e+00
4.602364500168776851e-01 -1.508933775829996105e+00
3.072928195489951220e-01 -1.581136508225288395e+00
2.172235226711127787e-01 -1.396154168715914690e+00
1.684874994699231410e-01 -1.171167421494188288e+00
1.563324691125928811e-01 -9.019056611122966416e-01
2.077343949487014396e-01 -6.000101422917157867e-01
3.370728982232681359e-01 -2.926803501853946221e-01
5.597335695876489714e-01 -2.832898806443212569e-02
8.337769727195729619e-01 1.550217351651421716e-01
1.128755495863991598e+00 2.915310424358319996e-01
1.422545331718122696e+00 3.397065836734725619e-01
1.628011196417449291e+00 2.447923798784502891e-01
1.507121618069098279e+00 1.393581874782508501e-01
1.304509113877122983e+00 8.187033409451704991e-02
1.047264738118506289e+00 7.467821481155569041e-02
7.555361433014819994e-01 1.236733709004442794e-01
4.517355682004574047e-01 2.418874855367424137e-01
1.682937617700130395e-01 4.414640594757303083e-01
-4.140676444964780378e-02 7.119996805038424359e-01
-1.940940274018349565e-01 1.007380414014957148e+00
-2.772710603914549932e-01 1.312513511551291590e+00
-2.449469131319478854e-01 1.579615490300561476e+00
-9.170284979972109785e-02 1.592157482686001213e+00
-4.111655267762850258e-02 1.381453203775475869e+00
