5.602699488008305580e-05 1.500000000000000000e+00
2.281950493289480102e-04 1.499999890634597488e+00
5.684081423860035511e-04 1.499999193271451370e+00
1.127435308613499755e-03 1.499996666933910650e+00
1.956903584473829432e-03 1.499989787624999238e+00
3.109676331512825458e-03 1.499974049225902162e+00
4.639830345237230466e-03 1.499942057342812163e+00
6.602101755942394595e-03 1.499882435291665095e+00
9.051068164354971260e-03 1.499778583800044141e+00
1.204038211674150934e-02 1.499607333304240564e+00
1.562215323973733735e-02 1.499337514292999218e+00
1.984638750210125993e-02 1.498928463456258076e+00
2.476030488642519400e-02 1.498328495408798755e+00
3.040735705052746707e-02 1.497473406125903628e+00
3.682582396505511280e-02 1.496285126632568518e+00
4.404695180533317600e-02 1.494670697644423285e+00
5.209267985760306086e-02 1.492521771722246315e+00
6.097308040450190314e-02 1.489714857677480797e+00
7.068370046427592535e-02 1.486112495207430717e+00
8.120304743216051613e-02 1.481565481246541305e+00
9.249049582750142051e-02 1.475916162045235458e+00
1.044848953694247629e-01 1.469002663651909790e+00
1.171041151284645671e-01 1.460663779067575163e+00
1.302456568759760847e-01 1.450744097312130165e+00
1.437883236881827842e-01 1.439098886895726626e+00
1.575947675705572093e-01 1.425598261217643437e+00
1.715146020539058402e-01 1.410130258629221700e+00
1.853876856466686596e-01 1.392602640148673299e+00
1.990471740400095446e-01 1.372943400771862388e+00
2.123219955955276406e-01 1.351100163096510931e+00
2.250385029696327643e-01 1.327038744781240176e+00
2.370211654671154078e-01 1.300741253071991732e+00
2.480922668408103715e-01 1.272204065896520353e+00
2.580706448297069855e-01 1.241436026529907810e+00
2.667695440727617107e-01 1.208457129085227288e+00
2.739936536926565469e-01 1.173297926699093274e+00
2.795353712572328231e-01 1.135999872307275282e+00
2.831702861333715293e-01 1.096616819212069993e+00
2.846518194685503378e-01 1.055217979365695058e+00
2.837049092927528271e-01 1.011892776924034898e+00
2.800186068625984959e-01 9.667582645016888909e-01
2.732374877280802083e-01 9.199701217770152040e-01
2.629519442567014864e-01 8.717387764710485820e-01
2.486878521935274033e-01 8.223529294244733556e-01
2.298970715381078722e-01 7.722137513402189679e-01
2.059522996039477583e-01 7.218841101343225208e-01
1.761539298613340188e-01 6.721576999626897031e-01
1.397642321555795097e-01 6.241506554617816116e-01
9.609617929495714583e-02 5.794073294702959398e-01
4.469555394468719550e-02 5.399807481697502798e-01
-1.435969761170075021e-02 5.083862388926542186e-01
-8.011673597635426969e-02 4.872697078818613581e-01
-1.506258955355273266e-01 4.787440995080697315e-01
-2.233144335815166193e-01 4.837591139647210436e-01
-2.956461434831141322e-01 5.020588633276125146e-01
-3.655237992774884592e-01 5.326419619008990747e-01
-4.313434025058695553e-01 5.741769270117214052e-01
-4.919408433511918699e-01 6.252176240882399982e-01
-5.465213910294334232e-01 6.843408331598171968e-01
-5.945496701007049190e-01 7.502559806247021124e-01
-6.355957208981060091e-01 8.218667190742637851e-01
-6.691576272045974827e-01 8.982650748935478990e-01
-6.944739914273120318e-01 9.786531969296020650e-01
-7.103155806406832307e-01 1.062179913157893063e+00
-7.147209981925071176e-01 1.147633603838452032e+00
-7.046391391231416890e-01 1.232812647301741560e+00
-6.756022239369109395e-01 1.313121766014056835e+00
-6.225885013021539294e-01 1.378779047094799592e+00
-5.460120932422672935e-01 1.413707940407704644e+00
-4.583307219467193105e-01 1.409285218708836274e+00
-3.713001341529562072e-01 1.372433109932011286e+00
-2.906414164669653410e-01 1.309856967011459261e+00
-2.196440284365207274e-01 1.226304749014445195e+00
-1.609512225158720444e-01 1.125392081172020164e+00
-1.170549027483094306e-01 1.010208128863729238e+00
-9.084877579073802334e-02 8.834767903932949640e-01
-8.675150073630912007e-02 7.480913833236096933e-01
-1.119911884056263851e-01 6.090050891918773468e-01
-1.764445045512343380e-01 4.773777630477664680e-01
-2.861029311492489513e-01 3.751280645922208112e-01
-4.281152158932466367e-01 3.246925471509775063e-01
-5.780239439585692640e-01 3.224856401417287022e-01
-7.238602054351234161e-01 3.550186938265687542e-01
-8.594080768713254770e-01 4.165073492843502923e-01
-9.790083601610524155e-01 5.026122316278166524e-01
-1.077670661641147554e+00 6.087319754052249454e-01
-1.150185006621836425e+00 7.306238127596785814e-01
-1.187199320306304706e+00 8.637190427700509598e-01
-1.168816189625879964e+00 9.952890598337905681e-01
-1.074484741891505779e+00 1.082224871889292395e+00
-9.387045688407036348e-01 1.094561176252988544e+00
-7.949451214251281872e-01 1.057090049763651729e+00
-6.553997939106943615e-01 9.774427051999470262e-01
-5.285596183762055755e-01 8.612122651608128399e-01
-4.244911658626417394e-01 7.113940612355581505e-01
-3.574540705005957997e-01 5.315145208346256922e-01
-3.520259358868552679e-01 3.312409599958836548e-01
-4.402226659761093730e-01 1.463813094328293984e-01
-6.080814772133695811e-01 3.323005843163742701e-02
-7.991299107108000843e-01 -1.939741398244713283e-02
-9.944475398566168245e-01 -2.829949230926243411e-02
-1.182762783240245419e+00 7.231690929071370871e-03
-1.348708299099123709e+00 8.747319555229057797e-02
-1.470916932269822786e+00 2.099950692543431086e-01
-1.511409248188666954e+00 3.627305741722032240e-01
-1.431757305074492947e+00 4.885698752357344743e-01
-1.282637093980385279e+00 5.523759365606422111e-01
-1.104774128898307284e+00 5.653604497461042211e-01
-9.135469291882412080e-01 5.290327938492548343e-01
-7.242310109314142874e-01 4.401903670880282227e-01
-5.566895905551881851e-01 2.950874076141029034e-01
-4.462249612057084258e-01 9.075696135046654178e-02
-4.555330168970784244e-01 -1.457314997325034056e-01
-5.871523371490220411e-01 -3.343924689263270134e-01
-7.602223553548276280e-01 -4.757150861912620710e-01
-9.560439022925691921e-01 -5.735750525996677895e-01
-1.163359012865806452e+00 -6.162070192882261876e-01
-1.358172257921925086e+00 -5.867642079410622102e-01
-1.489021054181985937e+00 -4.725868168174557349e-01
-1.484830789753953217e+00 -3.159758211587311294e-01
-1.382409148154288836e+00 -1.812155305022719043e-01
-1.226362967433688667e+00 -7.886006369489756418e-02
-1.031364463656040398e+00 -1.361971895724999049e-02
-8.092421519941894736e-01 -6.978966565923880316e-04
-5.791584639772184850e-01 -5.601389651461006342e-02
-3.789900613755009529e-01 -2.026015921679825138e-01
-2.912936824408033365e-01 -4.369560923019530363e-01
-3.288283135117900380e-01 -6.738064003501673671e-01
-4.147767301386586780e-01 -8.908944651431485173e-01
-5.447473713572977827e-01 -1.077319361539397891e+00
-7.147019209139684470e-01 -1.210880948331218843e+00
-9.042323866418362499e-01 -1.250670996393178136e+00
-1.038703710784568024e+00 -1.157286332321329825e+00
-1.060643312849020470e+00 -9.935423074389866382e-01
-1.006158214995251043e+00 -8.203587381536284751e-01
-8.978897484384351646e-01 -6.506386907284685828e-01
-7.348921924844094011e-01 -5.013200721987839392e-01
-5.222523196768299458e-01 -3.954752374847989582e-01
-2.724896054820036273e-01 -3.669511291560246802e-01
-3.431330066339868812e-02 -4.676372122637887929e-01
1.033353269003750297e-01 -6.757033881200187331e-01
1.775483953002238713e-01 -9.039911434484403374e-01
2.015230596154311549e-01 -1.136832770814862892e+00
1.634233588017802719e-01 -1.357507061893222788e+00
5.119882152122041952e-02 -1.525919877512202261e+00
-1.132595370489403036e-01 -1.562339945227240845e+00
-2.361349553737736029e-01 -1.456639665502865943e+00
-3.016689926597869165e-01 -1.290359468631984141e+00
-3.212186135973909007e-01 -1.092400808349742958e+00
-2.869783336006072050e-01 -8.749622947120754279e-01
-1.878933485252485824e-01 -6.584233334228176693e-01
-1.381305479330743879e-02 -4.743376666777393558e-01
2.343110178188697879e-01 -3.877319798899348524e-01
4.810820901331874788e-01 -4.511210143867657174e-01
6.892370631381782298e-01 -5.777991727917274334e-01
8.632187284163771457e-01 -7.394851459352872469e-01
9.830614171474305607e-01 -9.322485180675398331e-01
1.014273987776695529e+00 -1.134871015951456563e+00
9.181184565768462091e-01 -1.273474872774906563e+00
7.579952497974011827e-01 -1.271310413663764072e+00
6.025883753311772617e-01 -1.184719669866932446e+00
4.623799898733226277e-01 -1.043647971293960142e+00
3.502267129854110816e-01 -8.532461128746752221e-01
2.876301061024520989e-01 -6.216321428040852970e-01
3.021429843079060373e-01 -3.660209381342537371e-01
4.347829030138969375e-01 -1.352601143185930832e-01
6.634093451415841169e-01 -1.678322218888880779e-02
9.047492829539258707e-01 3.075866190913129766e-02
1.144042183758320119e+00 2.933162289105923498e-02
1.363318510721232002e+00 -3.192202878156361057e-02
1.521107460954108870e+00 -1.607999084629728737e-01
1.534896973119684205e+00 -3.251167914487959054e-01
1.408827173670015087e+00 -4.236574138837350678e-01
1.232900432480155573e+00 -4.575161855814661727e-01
1.032379757110979623e+00 -4.418207173380870323e-01
8.203220148525052213e-01 -3.701311705016414599e-01
6.183946205483086267e-01 -2.344662418305156204e-01
4.596448987842340905e-01 -2.874584411693528740e-02
4.095783246180014214e-01 2.358228451429718875e-01
4.993675515241282614e-01 4.778685950032254270e-01
6.392236785463872861e-01 6.821073659734409045e-01
8.123748765814201578e-01 8.480040847209562305e-01
1.012229617768327650e+00 9.542813918804391449e-01
1.210729214350890981e+00 9.626054540097142009e-01
1.313886263361561113e+00 8.431013536514259110e-01
1.276453001847762003e+00 6.849398187624372580e-01
1.163869295115519176e+00 5.406008674831471739e-01
1.001205491772009681e+00 4.142265377445050190e-01
7.914504060323365175e-01 3.223105006115901117e-01
5.456051491091546968e-01 2.858331126336740580e-01
2.850698591203457699e-01 3.350643556381234234e-01
7.334036121632730998e-02 5.053215438032943041e-01
-2.838968790355569927e-02 7.415245950992561674e-01
-7.962015112498896374e-02 9.848337439776382318e-01
-7.671465276719731385e-02 1.223848065834060472e+00
-9.028282866247433480e-03 1.435814551866082533e+00
1.304585994899220835e-01 1.562931279998429623e+00
2.733713498197024028e-01 1.516132275990684564e+00
3.480686836671817996e-01 1.366142468531604592e+00
3.645466753051699316e-01 1.176937722538612174e+00
3.336587542353091074e-01 9.654163774498595307e-01
2.431431562376326350e-01 7.468497449157938117e-01
8.546225957360409353e-02 5.453147140676151139e-01
-1.467881138979620637e-01 4.044238961445763558e-01
-4.184729493149973445e-01 3.962906698506653003e-01
-6.582191966090815693e-01 4.851226280465131824e-01
-8.728064289349120042e-01 6.111428436420902610e-01
-1.042772676642583329e+00 7.758216195334542986e-01
-1.137496162940556887e+00 9.683685845383538382e-01
-1.099475732271303352e+00 1.136196147477380958e+00
-9.516479429088310349e-01 1.161806821167915782e+00
-7.910771736704484969e-01 1.095828618213282146e+00
-6.386043430492593931e-01 9.692842601832540872e-01
-5.041459465804760676e-01 7.914128708049982253e-01
-4.086751532709465007e-01 5.658146014650871081e-01
-3.781304611205396626e-01 3.038128861604844078e-01
-4.565557898025629502e-01 3.847866972230790106e-02
-6.470558255796425851e-01 -1.493222847456199820e-01
-8.679859379684400356e-01 -2.762055731501416589e-01
-1.101183864881343233e+00 -3.554845968704505310e-01
-1.331559953528413498e+00 -3.703376411788660838e-01
-1.518597332372521480e+00 -2.987630059653192949e-01
-1.558256246666137823e+00 -1.515698879513181496e-01
-1.444785272555138222e+00 -3.818919559726893787e-02
-1.273403071479683346e+00 2.925100642014998031e-02
-1.065900360865437602e+00 5.770909834624338153e-02
-8.328395959272998361e-01 3.452779852206508404e-02
-5.931196189155540921e-01 -5.287846586729301468e-02
-3.782917285179213662e-01 -2.211653758807330949e-01
-2.574397665354665188e-01 -4.717963463415865144e-01
-2.478308933115903057e-01 -7.334659054311156723e-01
-2.832756137527173701e-01 -9.851479481429099572e-01
-3.695537369630469970e-01 -1.210734695851253706e+00
-5.077438072057082197e-01 -1.381891391872432706e+00
-6.776485726342957872e-01 -1.430587982350894904e+00
-7.599779203028971253e-01 -1.311890263256782596e+00
-7.534086779635291720e-01 -1.140325159858861515e+00
-6.844988367646099858e-01 -9.547529277666616521e-01
-5.622910505163981609e-01 -7.672462908940503867e-01
-3.826842978891908387e-01 -5.975725979323626147e-01
-1.473785181114132814e-01 -4.717136634127359618e-01
1.315727046596239513e-01 -4.378677573106121157e-01
3.876155582379036124e-01 -5.316448466407364126e-01
6.014647207277133978e-01 -6.784818106287545669e-01
7.775365770911834007e-01 -8.564404958943430124e-01
8.935642412009264790e-01 -1.058832667583923914e+00
9.114151163085373319e-01 -1.257912301907562647e+00
7.947362229836514302e-01 -1.348137718754071734e+00
6.477855216944119476e-01 -1.281569198300869683e+00
5.188122014670153437e-01 -1.146310579578001088e+00
4.102792555554852227e-01 -9.623916326193551196e-01
3.383997785167031647e-01 -7.343528648332796616e-01
3.217260317511583811e-01 -4.743873586049222602e-01
3.882605476997540439e-01 -2.041643919932372153e-01
5.645260493438384319e-01 1.513620773409915521e-02
7.914176979822018509e-01 1.513456709928330535e-01
1.031134339879400175e+00 2.446930602905187657e-01
1.271007961631109850e+00 2.785269613230265673e-01
1.483110146052412759e+00 2.365192435857317033e-01
1.583896689248314171e+00 1.058151907116434420e-01
1.491386954172869039e+00 -7.428357380171668467e-03
1.327702940851777313e+00 -7.188921310843408852e-02
1.124433411801904592e+00 -9.242057279179513585e-02
8.948712316747006179e-01 -6.535188328496219223e-02
6.556597198868010512e-01 2.049298863255064052e-02
4.308880400500435526e-01 1.764669442142012268e-01
2.718194765001792357e-01 4.127669906376872921e-01
2.231283438778918216e-01 6.800295323482885568e-01
2.263503545379620119e-01 9.418639971102892305e-01
2.803409360713625675e-01 1.185290992168593460e+00
3.892602063425631975e-01 1.385761711074520175e+00
5.471821112066407311e-01 1.482480217146340484e+00
6.506128835583960823e-01 1.391272546206749894e+00
6.542719816128995669e-01 1.221074478255543605e+00
5.954986405637279212e-01 1.031626805702968719e+00
4.846624236322414903e-01 8.349898538428510708e-01
3.168038703367860864e-01 6.490259456459969156e-01
9.228164837886251859e-02 4.969297818773458220e-01
-1.836949456463052022e-01 4.203367501516614979e-01
-4.603289149898981414e-01 4.612540693107067824e-01
-7.072938521827830671e-01 5.608745194034779891e-01
-9.234505097231962001e-01 6.986733519242311896e-01
-1.084803657916142638e+00 8.722560434924694350e-01
-1.146376917569468468e+00 1.061674096889594798e+00
-1.046732804068446043e+00 1.160230642568405690e+00
-8.914409887008891697e-01 1.106110221836713814e+00
-7.417786361702400910e-01 9.856331389605399451e-01
-6.033765506737025497e-01 8.138776066642876561e-01
-4.931689216589973945e-01 5.930279171421763973e-01
-4.303238660782281455e-01 3.321806489479330882e-01
-4.449093905459675646e-01 4.721034309402338813e-02
-5.670278164584794389e-01 -2.099352149866904882e-01
-7.442501778559433845e-01 -4.130250695326455057e-01
-9.469302986803624922e-01 -5.774258710624928792e-01
-1.166040800566495728e+00 -6.814654791614905838e-01
-1.374411509979818646e+00 -6.954241007236197092e-01
-1.469262598603328085e+00 -5.835765436732757161e-01
-1.375298385687327540e+00 -4.584796191739201054e-01
-1.218168117453986454e+00 -3.598717702609011693e-01
-1.014558621082894962e+00 -2.891338772887264708e-01
-7.736430269356183720e-01 -2.588346823884556391e-01
