5.602699488008305580e-05 1.500000000000000000e+00
2.281950493289480102e-04 1.499999890634597488e+00
5.684081423860035511e-04 1.499999193271451370e+00
1.127435308613499755e-03 1.499996666933910650e+00
1.956903584473829432e-03 1.499989787624999238e+00
3.109676331512825458e-03 1.499974049225902162e+00
4.639830345237230466e-03 1.499942057342812163e+00
6.602101755942394595e-03 1.499882435291665095e+00
9.051068164354971260e-03 1.499778583800044141e+00
1.204038211674150934e-02 1.499607333304240564e+00
1.562215323973733735e-02 1.499337514292999218e+00
1.984638750210125993e-02 1.498928463456258076e+00
2.476030488642519400e-02 1.498328495408798755e+00
3.040735705052746707e-02 1.497473406125903628e+00
3.682582396505511280e-02 1.496285126632568518e+00
4.404695180533317600e-02 1.494670697644423285e+00
5.209267985760306086e-02 1.492521771722246315e+00
6.097308040450190314e-02 1.489714857677480797e+00
7.068370046427592535e-02 1.486112495207430717e+00
8.120304743216051613e-02 1.481565481246541305e+00
9.249049582750142051e-02 1.475916162045235458e+00
1.044848953694247629e-01 1.469002663651909790e+00
1.171041151284645671e-01 1.460663779067575163e+00
1.302456568759760847e-01 1.450744097312130165e+00
1.437883236881827842e-01 1.439098886895726626e+00
1.575947675705572093e-01 1.425598261217643437e+00
1.715146020539058402e-01 1.410130258629221700e+00
1.853876856466686596e-01 1.392602640148673299e+00
1.990471740400095446e-01 1.372943400771862388e+00
2.123219955955276406e-01 1.351100163096510931e+00
2.250385029696327643e-01 1.327038744781240176e+00
2.370211654671154078e-01 1.300741253071991732e+00
2.480922668408103715e-01 1.272204065896520353e+00
2.580706448297069855e-01 1.241436026529907810e+00
2.667695440727617107e-01 1.208457129085227288e+00
2.739936536926565469e-01 1.173297926699093274e+00
2.795353712572328231e-01 1.135999872307275282e+00
2.831702861333715293e-01 1.096616819212069993e+00
2.846518194685503378e-01 1.055217979365695058e+00
2.837049092927528271e-01 1.011892776924034898e+00
2.800186068625984959e-01 9.667582645016888909e-01
2.732374877280802083e-01 9.199701217770152040e-01
2.629519442567014864e-01 8.717387764710485820e-01
2.486878521935274033e-01 8.223529294244733556e-01
2.298970715381078722e-01 7.722137513402189679e-01
2.059522996039477583e-01 7.218841101343225208e-01
1.761539298613340188e-01 6.721576999626897031e-01
1.397642321555795097e-01 6.241506554617816116e-01
9.609617929495714583e-02 5.794073294702959398e-01
4.469555394468719550e-02 5.399807481697502798e-01
-1.433210281844600475e-02 5.084037353798221970e-01
-7.998006591869954995e-02 4.873212238143476704e-01
-1.502499658652564629e-01 4.787973393968604219e-01
-2.225491137999919822e-01 4.837057943724670239e-01
-2.943515694689116113e-01 5.017174261316411643e-01
-3.635883219013132384e-01 5.317726219199814253e-01
-4.286934175243625189e-01 5.724930644954724368e-01
-4.885491736385280670e-01 6.223924305396910661e-01
-5.424167217064711499e-01 6.800116911607626546e-01
-5.898293097614036862e-01 7.440273881560673930e-01
-6.304461798730496280e-01 8.133126967062993540e-01
-6.638901656327715894e-01 8.869343495726582649e-01
-6.895862580954492671e-01 9.640851714340488154e-01
-7.065981444374223042e-01 1.043950203549664169e+00
-7.134410269883979527e-01 1.125476659589674799e+00
-7.078447333491446614e-01 1.206949011718459808e+00
-6.865140122397510591e-01 1.285121588069555454e+00
-6.453892869595254655e-01 1.353495605598816320e+00
-5.824699235865717917e-01 1.400474989450572583e+00
-5.042507165404572778e-01 1.414564858922850332e+00
-4.223745190343752842e-01 1.396761127514509981e+00
-3.437882765525063222e-01 1.353645956607406831e+00
-2.720505444804512951e-01 1.290116392556458935e+00
-2.094662838482991840e-01 1.209888668743493101e+00
-1.578599405036266168e-01 1.115997632559271979e+00
-1.188421117973053887e-01 1.011002937789559519e+00
-9.434534524349816320e-02 8.970197706534378534e-01
-8.744238172704577039e-02 7.761487917212089860e-01
-1.031033846390879971e-01 6.516944075822619364e-01
-1.481754081276309143e-01 5.304661230271707772e-01
-2.286346335789203876e-01 4.256649041758200913e-01
-3.415895346184217862e-01 3.550583521585116142e-01
-4.711451512190083513e-01 3.263083906206191709e-01
-6.028752276524325104e-01 3.316853494877248787e-01
-7.299700479424955368e-01 3.641977043566649863e-01
-8.477327363932060100e-01 4.197792388302999389e-01
-9.523753099935188260e-01 4.945081424313306773e-01
-1.041155466811244823e+00 5.845533920053852528e-01
-1.111477947697675051e+00 6.868255667606558701e-01
-1.158834905234091606e+00 7.987710797836298227e-01
-1.173737266634737209e+00 9.159759322305376372e-01
-1.139261732760524115e+00 1.023843618249171694e+00
-1.048388690915172505e+00 1.087210762191445079e+00
-9.316412908091898926e-01 1.096906918361689298e+00
-8.094951267486018009e-01 1.068342652591197650e+00
-6.901113625838615206e-01 1.007878896523759948e+00
-5.790427379163692878e-01 9.199027231578198460e-01
-4.818657454588788358e-01 8.072584275150377353e-01
-4.050913379265782543e-01 6.723841072453364820e-01
-3.585233675201348613e-01 5.180175483752930132e-01
-3.585980966339838982e-01 3.515554436287440798e-01
-4.245594699336815436e-01 1.957727158374586995e-01
-5.508437178005503032e-01 8.510572301345231683e-02
-7.032385114136558979e-01 2.245697490472201019e-02
-8.634114583406273802e-01 -3.612971640614991153e-03
-1.022702077758459893e+00 4.212996118888645558e-03
-1.172950007328243949e+00 4.379120185273044363e-02
-1.306378223328694466e+00 1.122342419146740572e-01
-1.414270412612054217e+00 2.072485838724502372e-01
-1.480254281575539510e+00 3.267711314677430590e-01
-1.471377986537105054e+00 4.548881786966711971e-01
-1.377565048769778144e+00 5.440181283329310613e-01
-1.244815108982773921e+00 5.889290417149052326e-01
-1.094060650464169671e+00 5.946836387658532841e-01
-9.360191820252412587e-01 5.642251372659174979e-01
-7.796395045018236214e-01 4.977133634258130712e-01
-6.350079052299972826e-01 3.941267008769197555e-01
-5.174144604973862638e-01 2.510919313436560385e-01
-4.555320261598987397e-01 7.064142152532529306e-02
-4.851780254320315899e-01 -1.186648653564744693e-01
-5.916105660436564717e-01 -2.725560109954753285e-01
-7.309796414318887603e-01 -3.908325060638111470e-01
-8.893527210247841319e-01 -4.742363407814769172e-01
-1.057197717895098643e+00 -5.192963029760602200e-01
-1.223276431986180190e+00 -5.227131961172534202e-01
-1.374128627301316685e+00 -4.813179012497296738e-01
-1.486123163316909856e+00 -3.893859276559206162e-01
-1.510906444169880070e+00 -2.569053055278522346e-01
-1.440717508983416106e+00 -1.345628619766494338e-01
-1.321487340775242325e+00 -3.772410860655545095e-02
-1.169332751277953664e+00 2.887929288552555651e-02
-9.949495092545508346e-01 6.125064366832943391e-02
-8.080506167870341594e-01 5.344764633476897092e-02
-6.207274947576549851e-01 -3.230638705570637592e-03
-4.563537210737007577e-01 -1.224796562955218632e-01
-3.637510616293273547e-01 -3.062605329332472315e-01
-3.714352152484504122e-01 -5.070288790668803225e-01
-4.344150619533151958e-01 -6.916697566098091166e-01
-5.336655350038911338e-01 -8.542537412203967673e-01
-6.628210821028861499e-01 -9.859497102505856425e-01
-8.131879520169906783e-01 -1.075975994245414569e+00
-9.721432832376613042e-01 -1.111637333673101358e+00
-1.114800795740007677e+00 -1.072864522783257613e+00
-1.183642457827944083e+00 -9.536566214003698860e-01
-1.166909633593093298e+00 -8.067210115102596557e-01
-1.096458885602132227e+00 -6.613312125337865721e-01
-9.824923715860975904e-01 -5.283018037321198790e-01
-8.313478643889453679e-01 -4.179180764576946872e-01
-6.491611028209613998e-01 -3.419946617509081466e-01
-4.440042404409629828e-01 -3.182352685350844923e-01
-2.388111397664851032e-01 -3.765711174764865277e-01
-9.186509513118043535e-02 -5.300509509947487485e-01
-2.274717453729084571e-02 -7.230808089218376811e-01
2.764523374348092088e-04 -9.213929317963566179e-01
-2.055061644411902005e-02 -1.114046741136212493e+00
-8.437175890897555264e-02 -1.288012156848396872e+00
-1.886841620143425990e-01 -1.425729764701561209e+00
-3.261043452184269609e-01 -1.500387581088254541e+00
-4.629970992828825183e-01 -1.469846195239308262e+00
-5.423635279312238877e-01 -1.348654920706802818e+00
-5.716916575116496313e-01 -1.192126405487101026e+00
-5.562090137057410510e-01 -1.018752071385794045e+00
-4.961422494109266057e-01 -8.411086862603582848e-01
-3.904485613479996564e-01 -6.726286422456871916e-01
-2.369496510418715729e-01 -5.308706213011684660e-01
-3.565443230144252351e-02 -4.491444988320075216e-01
1.811986048301651997e-01 -4.762441337767227556e-01
3.564943507133861988e-01 -5.932683730162126023e-01
4.946691850366726761e-01 -7.440313971492148459e-01
5.934571999681133025e-01 -9.159816792379780193e-01
6.461636671703572254e-01 -1.098247197598918090e+00
6.441762286085074285e-01 -1.274950341122859765e+00
5.778813025254506686e-01 -1.419653267252339202e+00
4.496345578757764416e-01 -1.477884042105743978e+00
3.156537479309912131e-01 -1.424478078209696408e+00
2.034280691425987275e-01 -1.311459914038908714e+00
1.187813684994467461e-01 -1.158503162235791528e+00
6.872349794393110833e-02 -9.761942481729264376e-01
6.185989137159755846e-02 -7.752357799722993104e-01
1.098606785927059293e-01 -5.690519896116836840e-01
2.317018847107963075e-01 -3.851912769849681339e-01
4.285458786107626539e-01 -2.827247494297011610e-01
6.419704788204285695e-01 -2.774265075933105562e-01
8.444059249532251954e-01 -3.203239465343020176e-01
1.026524884679947958e+00 -4.034562846226128485e-01
1.176232187707851207e+00 -5.219036481903130964e-01
1.276310879256871145e+00 -6.676778403193825984e-01
1.301260094134053080e+00 -8.233907789432730606e-01
1.221849573616700990e+00 -9.374740893113047147e-01
1.078560964870889372e+00 -9.632166347813815310e-01
9.207493544849467693e-01 -9.300451456699915243e-01
7.630009705651582541e-01 -8.489823591463601105e-01
6.173926938803657727e-01 -7.239564378180387560e-01
4.974962673998335472e-01 -5.586476933477575457e-01
4.218536237043399306e-01 -3.571959518375201204e-01
4.246307016613625196e-01 -1.332520657157868493e-01
5.366932536186480585e-01 6.022648871232144652e-02
7.091052510195366976e-01 1.874738529831826706e-01
8.989712177186989228e-01 2.719769443556894761e-01
1.095377590800952650e+00 3.114293874755119651e-01
1.284914188859459072e+00 3.020949791973160936e-01
1.447287548231986909e+00 2.394886552565994864e-01
1.545998271702431204e+00 1.228158722052283686e-01
1.525317025868821341e+00 -1.222035750885554217e-02
1.413566291093944383e+00 -1.105543496788123636e-01
1.260005101909290604e+00 -1.713942574815221775e-01
1.079807966782998285e+00 -1.938434351481745088e-01
8.848291588714412015e-01 -1.728879259375132038e-01
6.885194993170924427e-01 -1.028546819411137736e-01
5.104610436240446525e-01 2.563412543804580168e-02
3.931460848252023021e-01 2.203327900515389959e-01
3.866500930176833828e-01 4.437240375648799917e-01
4.510034939734336445e-01 6.478506707956170896e-01
5.527069600352354506e-01 8.286611049317171851e-01
6.862480250762981182e-01 9.761552954633039292e-01
8.428935258744182368e-01 1.077405209266334207e+00
1.007342238542029422e+00 1.113763908848655948e+00
1.141495439315718174e+00 1.058573969197184939e+00
1.176262402125803241e+00 9.261819631847192369e-01
1.132499473605055096e+00 7.790728852157006168e-01
1.037035243553129149e+00 6.376565606866873015e-01
8.985695271133418149e-01 5.118922773720618880e-01
7.229599896866386599e-01 4.136990852609830904e-01
5.171504781048030797e-01 3.570898194580149343e-01
2.928588908733886220e-01 3.660432123854462927e-01
9.005362969395422357e-02 4.734441405874076914e-01
-3.614003925017950092e-02 6.554369669060610137e-01
-1.098186596200279308e-01 8.554530491369864986e-01
-1.392840376188688722e-01 1.059037327996387168e+00
-1.224397663933514402e-01 1.254121759660610902e+00
-5.678024832960007484e-02 1.422683146198487680e+00
5.736320993665602885e-02 1.534396906474806865e+00
1.938952640476158396e-01 1.534418714139410111e+00
2.856491335163924283e-01 1.425942521359800264e+00
3.325527903165734767e-01 1.273356732837058747e+00
3.378492670464790515e-01 1.096120465262532928e+00
2.994534758964895738e-01 9.065763002285772698e-01
2.138889405445862368e-01 7.180745444810473499e-01
7.580094056247740908e-02 5.478405724427678480e-01
-1.209819153846246054e-01 4.302254676862088956e-01
-3.497265797413934285e-01 4.177511809696530798e-01
-5.565960737174560080e-01 4.886064218656599456e-01
-7.383886709056738384e-01 5.967404433324885460e-01
-8.864801646532234347e-01 7.352495665487451815e-01
-9.899528559876300537e-01 8.953727221631542221e-01
-1.031940271525302766e+00 1.062811461325285700e+00
-9.873750043517980357e-01 1.203732546579383333e+00
-8.610018967262299538e-01 1.245081643347473843e+00
-7.191186449893105515e-01 1.196556416482022600e+00
-5.855195622994802118e-01 1.094708074124581598e+00
-4.690582660078395083e-01 9.502869802221658446e-01
-3.807332234307622132e-01 7.699192299499385550e-01
-3.331084001294521424e-01 5.613088758521762589e-01
-3.467782610233607343e-01 3.357725286312090995e-01
-4.526723970966664012e-01 1.283985471068204431e-01
-6.354615107767339621e-01 -3.987793264183220332e-03
-8.378146837261499780e-01 -8.067379952340072991e-02
-1.043759726935359566e+00 -1.138364685308113355e-01
-1.241615178895846272e+00 -1.012403596010075651e-01
-1.414076911221892940e+00 -4.033048110766168648e-02
-1.531271231170355795e+00 6.949337674013719712e-02
-1.536475027843515972e+00 2.041063746723621730e-01
-1.428309827280151323e+00 2.926500819614563653e-01
-1.275557399329899200e+00 3.354970222532089874e-01
-1.098250804776976786e+00 3.364332622971197839e-01
-9.087131448497735020e-01 2.940146489889336467e-01
-7.200793733541166475e-01 2.050349359583616971e-01
-5.489590919650592094e-01 6.457685795683204555e-02
-4.282054563224409471e-01 -1.336266723594316530e-01
-4.089223582622645847e-01 -3.648405723474879014e-01
-4.706969334908397418e-01 -5.771224718615841631e-01
-5.700014152895838127e-01 -7.662036476314315614e-01
-7.007351942234639752e-01 -9.229050453749623184e-01
-8.547957088377420298e-01 -1.035829981110385711e+00
-1.018715712956717923e+00 -1.086448866297509364e+00
-1.157154292500835346e+00 -1.045625640219881136e+00
-1.193031029512398700e+00 -9.195029535249709118e-01
-1.143772161177451174e+00 -7.770773068930445504e-01
-1.041985473019073405e+00 -6.411273576865762491e-01
-8.975935658114648774e-01 -5.207514667189991897e-01
-7.166370640294564831e-01 -4.271797254483019612e-01
-5.061175913515809643e-01 -3.733263478518706324e-01
-2.766096201284325429e-01 -3.810791704466693908e-01
-6.378340747555907853e-02 -4.822878082335494421e-01
8.051791581243358809e-02 -6.572396168149006179e-01
1.765029315032947133e-01 -8.527642494834438702e-01
2.292586983286693247e-01 -1.055098543736108896e+00
2.355020050720235958e-01 -1.252551447068183998e+00
1.900281988985040305e-01 -1.427058064659061820e+00
8.851302262667082310e-02 -1.544261141659681646e+00
-4.089581144269266444e-02 -1.538819571099381500e+00
-1.294534189061755103e-01 -1.426571579130330392e+00
-1.785943699574823462e-01 -1.271584040691573048e+00
-1.889836239596351941e-01 -1.090028779084305732e+00
-1.571482650075482490e-01 -8.936607745432231242e-01
-7.848970311905781316e-02 -6.952851317162817013e-01
5.465807191782634522e-02 -5.120507827699170011e-01
2.509875748966728937e-01 -3.805850955221846688e-01
4.810593665909195238e-01 -3.483335331468103702e-01
6.998672310388387441e-01 -3.827185807151269326e-01
9.004952408391422303e-01 -4.556497493844847146e-01
