-8.828360723261155984e-04 1.000000000000000000e+00
-2.530005648551810881e-03 9.999981320942392671e-01
-4.985877085402718421e-03 9.999905671127482520e-01
-8.259931733594688338e-03 9.999712334867389973e-01
-1.234674280859816148e-02 9.999321231478405236e-01
-1.723527632498612211e-02 9.998634185506173333e-01
-2.290845197484110696e-02 9.997536847389961734e-01
-2.934028516338401185e-02 9.995902154283858865e-01
-3.649360184349906971e-02 9.993595569676390067e-01
-4.431861495990531419e-02 9.990481977811964676e-01
-5.275247332701742120e-02 9.986433863689471169e-01
-6.172001004471071306e-02 9.981340025485203604e-01
-7.113575232713977015e-02 9.975113751747421986e-01
-8.090696478783691858e-02 9.967699354664288913e-01
-9.093725452357370731e-02 9.959076238728006292e-01
-1.011301643393409389e-01 9.949260206895368386e-01
-1.113922448675749577e-01 9.938302267895201547e-01
-1.216352807976681660e-01 9.926285615275848295e-01
-1.317775659255947251e-01 9.913321605878657738e-01
-1.417443011426089416e-01 9.899545496526279686e-01
-1.514672929875974516e-01 9.885112497279865407e-01
-1.608841607306568389e-01 9.870194467358275325e-01
-1.699372403277065735e-01 9.854977381582163964e-01
-1.785723303399196493e-01 9.839659556082430703e-01
-1.867373773730167663e-01 9.824450539260258797e-01
-1.943811578820532626e-01 9.809570531255030756e-01
-2.014519832759293361e-01 9.795250174367560181e-01
-2.078964369205911489e-01 9.781730541438314885e-01
-2.136581440553282640e-01 9.769263126072914583e-01
-2.186765789999346177e-01 9.758109595505632949e-01
-2.228859301375432644e-01 9.748540991081805496e-01
-2.262140771922548921e-01 9.740835936512243221e-01
-2.285817973835198302e-01 9.735277218565427937e-01
-2.299024246887735323e-01 9.732145811266194046e-01
-2.300823677519550081e-01 9.731710994592710495e-01
-2.290231870945298731e-01 9.734214662920737116e-01
-2.266263859061234121e-01 9.739847296129070520e-01
-2.228026930017592278e-01 9.748712667447161362e-01
-2.174882749179913866e-01 9.760778993517335023e-01
-2.106704514970366426e-01 9.775817651969174182e-01
-2.024237093907840790e-01 9.793339613091815998e-01
-1.929508469481758803e-01 9.812556147185917954e-01
-1.826130268536925727e-01 9.832407624163719273e-01
-1.719229531366584240e-01 9.851698071358701014e-01
-1.614841596663049994e-01 9.869315884397413807e-01
-1.518937059674397294e-01 9.884440158727512138e-01
-1.436551847798907822e-01 9.896623440508582892e-01
-1.371375345220250397e-01 9.905733934654330497e-01
-1.325793564456030915e-01 9.911826081754946394e-01
-1.301180271999630711e-01 9.915012025981254640e-01
-1.298244642240657110e-01 9.915366622360214377e-01
-1.317335066273476185e-01 9.912867010873577245e-01
-1.358671340002147454e-01 9.907355426145233457e-01
-1.422513863177462812e-01 9.898512750703581942e-01
-1.509289824777861611e-01 9.885832616363426917e-01
-1.619695840868394521e-01 9.868587944890868657e-01
-1.754791701813179228e-01 9.845782675340251089e-01
-1.916092363743479576e-01 9.816081331823046652e-01
-2.105650591771489610e-01 9.777709640803994295e-01
-2.326085614253700362e-01 9.728325909855801701e-01
-2.580413795869890836e-01 9.664892443419403900e-01
-2.871286376017465058e-01 9.583679085381567875e-01
-3.198745020877966083e-01 9.480815444350770838e-01
-3.555437607225760965e-01 9.354261366228217023e-01
-3.921757550453968677e-01 9.207377066434988544e-01
-4.271625482802309248e-01 9.049898840602946803e-01
-4.588062644430045411e-01 8.892399105749485555e-01
-4.865886370476223410e-01 8.742024387489250037e-01
-5.105442053871127595e-01 8.602975266108524588e-01
-5.308855218324139980e-01 8.477799505916234768e-01
-5.478267616608569757e-01 8.368347090757334295e-01
-5.615130840106447030e-01 8.276319272510688219e-01
-5.719976971720325265e-01 8.203541301070017555e-01
-5.792366705703438923e-01 8.152072870337269128e-01
-5.830912789103825933e-01 8.124198690980937165e-01
-5.833422464293848142e-01 8.122255810334003678e-01
-5.797370487953515950e-01 8.148144815362874382e-01
-5.721179701796665906e-01 8.202230057393974372e-01
-5.607035609546389132e-01 8.281312611557546388e-01
-5.465220538703927655e-01 8.376167354419475908e-01
-5.316302320538490722e-01 8.471597306185266740e-01
-5.184892586371456780e-01 8.552216398101879502e-01
-5.089238298823294260e-01 8.608815211519913468e-01
-5.038317243362180342e-01 8.638199406777592460e-01
-5.034816605440608495e-01 8.640043062826929798e-01
-5.078373251726366888e-01 8.614663082210676226e-01
-5.167728506917788067e-01 8.561842613641562627e-01
-5.301922142843672470e-01 8.480218835859634208e-01
-5.480912652406059182e-01 8.366858416838833801e-01
-5.705888588599777878e-01 8.216800250057271215e-01
-5.979240533631399179e-01 8.022529375366210802e-01
-6.303449416314010900e-01 7.773884667976002083e-01
-6.676095803490854630e-01 7.460989644466142767e-01
-7.075416925226325482e-01 7.087825301884189688e-01
-7.449178679383215984e-01 6.693676010678810684e-01
-7.759946230750591756e-01 6.325773297210948165e-01
-8.009517967989531195e-01 6.001252702310431175e-01
-8.205594824940461995e-01 5.725594595084394500e-01
-8.355813619858145636e-01 5.500318452818580006e-01
-8.465555301672631483e-01 5.326938861600789554e-01
-8.537704900907499006e-01 5.208323547756196215e-01
-8.572763888368696295e-01 5.148996802852985333e-01
-8.569172489868474019e-01 5.154505890188065820e-01
-8.524365838124839945e-01 5.228979478372293155e-01
-8.438291992278356135e-01 5.368567452536747719e-01
-8.321491890684376003e-01 5.549655328542428823e-01
-8.201559240997844391e-01 5.725325977696901214e-01
-8.109969307288936724e-01 5.852571074291512687e-01
-8.063955383817024147e-01 5.914212427026050989e-01
-8.068452028100921991e-01 5.907582054884910061e-01
-8.122357151631354188e-01 5.833964110128928571e-01
-8.222586605934405490e-01 5.693713455934015233e-01
-8.366071567997588332e-01 5.483893739416089153e-01
-8.550395506266420531e-01 5.196803505907817700e-01
-8.773238249141636080e-01 4.818953464659482822e-01
-9.028997933422651112e-01 4.333353506907508534e-01
-9.296813201597537990e-01 3.740597124320941269e-01
-9.524391286401335810e-01 3.118552373309835812e-01
-9.679857037529967512e-01 2.573359940712418581e-01
-9.784028895044378782e-01 2.118866995372492568e-01
-9.851315540686211847e-01 1.756880765872418093e-01
-9.893038651804568762e-01 1.484374371122004765e-01
-9.916557944366192201e-01 1.302016001973888004e-01
-9.926307939758211019e-01 1.214736051553235163e-01
-9.923946979801449020e-01 1.230784107157504997e-01
-9.908425085002958710e-01 1.355748274402195364e-01
-9.877698993321680776e-01 1.574443662309471803e-01
-9.835622713705777231e-01 1.823074923890379839e-01
-9.797398217512595098e-01 2.011927353585854228e-01
-9.777716938393286039e-01 2.098386595261064469e-01
-9.782142611024611245e-01 2.075858182730039581e-01
-9.809474213799421749e-01 1.946987046621471984e-01
-9.854934138647352126e-01 1.713529517303207239e-01
-9.911553730253833683e-01 1.371402875475510319e-01
-9.969561018771602168e-01 9.083016158901979775e-02
-1.001353793549940141e+00 3.056218391071702928e-02
-1.001785097105824640e+00 -4.329085802114909093e-02
-9.958354774322779601e-01 -1.181535731997242211e-01
-9.857851936298757112e-01 -1.789738382348426415e-01
-9.750764012856462104e-01 -2.272996194777133772e-01
-9.654024441941058132e-01 -2.634157711086787534e-01
-9.579005779188668468e-01 -2.882588145248922151e-01
-9.534810041947731074e-01 -3.017758186826823286e-01
-9.529061018446821629e-01 -3.032535247453885252e-01
-9.565307765486134040e-01 -2.918545726170079235e-01
-9.634433053033761851e-01 -2.689527966348163601e-01
-9.705059853285475935e-01 -2.426041315013323652e-01
-9.746497265634046503e-01 -2.245017544416743338e-01
-9.757011007315543605e-01 -2.191439064063064046e-01
-9.739361376591962882e-01 -2.269322077700299811e-01
-9.691520948916405587e-01 -2.473309762741380535e-01
-9.605653994256146966e-01 -2.800931721439415822e-01
-9.466500911172216481e-01 -3.257667140132676220e-01
-9.248466463087791078e-01 -3.856233723516964695e-01
-8.920932888270721728e-01 -4.589136499193129382e-01
-8.512960545728998074e-01 -5.312218573013998135e-01
-8.134101481227724584e-01 -5.854445712504424693e-01
-7.810202970124660027e-01 -6.266911256215151882e-01
-7.560395075209749294e-01 -6.556327898209519667e-01
-7.392341963350025358e-01 -6.738985396596620658e-01
-7.317907250073454328e-01 -6.816054361379140225e-01
-7.349231689035974346e-01 -6.781554677293725186e-01
-7.486004000481738530e-01 -6.633147262306063885e-01
-7.678396903335308332e-01 -6.412992880176344723e-01
-7.822035196767096465e-01 -6.234458962488063083e-01
-7.870689762920687338e-01 -6.169089556639222316e-01
-7.825325606213630047e-01 -6.226373033923993106e-01
-7.686327346683128336e-01 -6.400673740376113807e-01
-7.446688206175460234e-01 -6.684584585280078928e-01
-7.086218527241732179e-01 -7.075822078503164470e-01
-6.569085499109100779e-01 -7.573693263181314750e-01
-5.875635556199156895e-01 -8.141148340356516577e-01
-5.165755368555360327e-01 -8.604388889808779473e-01
-4.588123557563453248e-01 -8.909253865137735096e-01
-4.132696569534540787e-01 -9.119795083598898344e-01
-3.813299580592669491e-01 -9.250760190506894798e-01
-3.634250969063423931e-01 -9.318128940952017381e-01
-3.611032657777200061e-01 -9.325202435248582944e-01
-3.754708895913442257e-01 -9.269506579384821920e-01
-4.023956793648073571e-01 -9.159175913254445911e-01
-4.263866989556338583e-01 -9.049269673125437397e-01
-4.356708569759213945e-01 -9.001623309922894833e-01
-4.296395419001441951e-01 -9.030121481012090001e-01
-4.084754403578843562e-01 -9.130597487678742130e-01
-3.718947057843255966e-01 -9.291263253751971263e-01
-3.178636729767017055e-01 -9.498934757817431018e-01
-2.426617352929611449e-01 -9.732922420894511983e-01
-1.479077969111752822e-01 -9.937317969024875852e-01
-6.367430441470725566e-02 -1.001564977700998726e+00
1.428585092929035572e-03 -1.002104957744364588e+00
4.944711056975940877e-02 -9.999219162055544841e-01
8.060229116922440484e-02 -9.972289771525800761e-01
9.444469034865203561e-02 -9.956193238013857361e-01
8.937214521616770879e-02 -9.960002895585231553e-01
6.570509930342023630e-02 -9.981086916061113756e-01
3.487333589197302158e-02 -9.998636216230765150e-01
1.747014281124474946e-02 -1.000002129639061543e+00
1.856999069213539216e-02 -9.998163374747088827e-01
3.809247238317374495e-02 -9.994525962705677058e-01
7.543025945817542766e-02 -9.978419783615726235e-01
1.314610668151801331e-01 -9.929068188148285623e-01
2.087209338737147091e-01 -9.810819487452471233e-01
3.057953053902879303e-01 -9.573157346343655894e-01
3.918911935798951029e-01 -9.246250157372767342e-01
4.537416329549842642e-01 -8.937978822444048177e-01
4.987192832719651303e-01 -8.682897210706812530e-01
5.269463519695710696e-01 -8.505414113324373249e-01
5.391861114965391666e-01 -8.423044855885207793e-01
5.342722073921850612e-01 -8.453171567275931109e-01
5.127896366460125144e-01 -8.588726719937452847e-01
4.865115239064276564e-01 -8.741998405150700480e-01
4.742659382183648797e-01 -8.804927220448695024e-01
4.793794179271972378e-01 -8.776109056901238992e-01
5.016603527348221236e-01 -8.654221041851455354e-01
5.399984245363871338e-01 -8.428295772866389868e-01
5.945244230069545166e-01 -8.067194647687375708e-01
6.655844633293481749e-01 -7.516953377300331640e-01
7.429798101287646839e-01 -6.778015747246765033e-01
7.947237402107787396e-01 -6.126762020871597825e-01
8.317771092932978449e-01 -5.589065294767501246e-01
8.550335464559418730e-01 -5.204882700468916878e-01
8.677669734920361311e-01 -4.976392419583324234e-01
8.702037133330584595e-01 -4.926985227691436098e-01
8.620438274237217646e-01 -5.070717678260907579e-01
8.460876211000150082e-01 -5.339363268260272077e-01
8.342110235769318871e-01 -5.518775038434762248e-01
8.336326001492451176e-01 -5.523020894458874341e-01
8.445729933050606375e-01 -5.357767896738332425e-01
8.657499083571681409e-01 -5.020360151808428428e-01
8.956055740346300365e-01 -4.489714895965046804e-01
9.322621754456013043e-01 -3.717132121832080194e-01
9.692078997150842534e-01 -2.692153863570873051e-01
9.885209318309251536e-01 -1.777737568231828880e-01
9.966914217705310497e-01 -1.075554552293138816e-01
9.996530606055660240e-01 -5.690082081534235392e-02
1.000124804785512023e+00 -2.606386697299578267e-02
9.999000140850811125e-01 -1.638898849432897376e-02
9.996304698744771233e-01 -2.971971504574782638e-02
9.986389503616356356e-01 -6.015428982492776466e-02
9.968429060319730084e-01 -8.262369382354553538e-02
9.965097499407827852e-01 -8.338258986169637399e-02
9.982017430839055239e-01 -6.304341620414896652e-02
1.000599434872120996e+00 -2.184902566407438684e-02
1.001128678839648956e+00 4.131531952475418767e-02
9.954706432123024973e-01 1.300391628583728865e-01
9.769832305583846521e-01 2.411728777490866893e-01
9.485825057732303334e-01 3.300754567722863353e-01
9.210448112931977072e-01 3.958846093021146650e-01
8.989235080446854598e-01 4.409336378885729824e-01
8.847060491166803819e-01 4.670727380658754035e-01
8.807867114931335895e-01 4.735445149791896458e-01
8.884056533182159709e-01 4.593035029137635950e-01
9.024400748502865444e-01 4.318861185993443375e-01
9.096456127281772330e-01 4.157833503272161946e-01
9.075438837511093926e-01 4.199518991593645945e-01
8.963926201969633079e-01 4.440132469288295969e-01
8.747981842357762661e-01 4.868276267962404202e-01
8.391198795916272601e-01 5.485767845974767187e-01
7.828708690338259668e-01 6.299722246004771931e-01
7.064100029589324148e-01 7.172356900549835546e-01
6.415661049587542131e-01 7.717593265623212684e-01
5.872899668881582658e-01 8.121763601868815519e-01
5.499812096486506041e-01 8.363399622575891090e-01
5.296904276721330351e-01 8.485061578507997471e-01
5.294836257738336771e-01 8.483013727958880201e-01
5.490103551202903942e-01 8.361092468585805682e-01
5.725201326476165864e-01 8.203748659407485988e-01
5.783401937930803260e-01 8.158360896792109518e-01
5.663464875464299109e-01 8.242746693458851137e-01
5.358694948506088629e-01 8.450876500576391948e-01
4.855313044397225886e-01 8.762048595620532954e-01
4.104112417151288272e-01 9.158292980757910540e-01
3.057969842038466002e-01 9.587669000667766728e-01
2.025049858872679520e-01 9.850809307356123146e-01
1.261428859848290895e-01 9.949812152080700356e-01
6.860171870161989316e-02 9.992933881347900726e-01
3.324070016094927971e-02 1.000059169977828510e+00
2.056891472628556705e-02 9.998541785673179527e-01
3.274744973438256657e-02 9.995185314889979411e-01
6.190007786725452293e-02 9.984933939420017612e-01
7.871986953379273011e-02 9.970509990823931412e-01
7.222822358520245012e-02 9.973967487414978628e-01
4.315443248823211397e-02 9.994740052202032432e-01
-8.345937293345151442e-03 1.001277699291599710e+00
-8.444685073145541399e-02 9.993165596429673947e-01
-1.890720074260087147e-01 9.875695983883978624e-01
-3.051124348935678743e-01 9.597557962416849442e-01
-3.828943810451915231e-01 9.276338778853598921e-01
-4.440904203164687813e-01 8.985197029056367635e-01
-4.819858238311168774e-01 8.772372413480183928e-01
-5.004969628263461479e-01 8.659931054321388100e-01
-4.976097544193818778e-01 8.673860493230659552e-01
-4.757628435566796377e-01 8.799117144034425131e-01
-4.557748018135464041e-01 8.903867340349156390e-01
-4.567185756377120098e-01 8.896097045864409525e-01
-4.778339003772020810e-01 8.787474909902397435e-01
-5.185708762786602755e-01 8.562807425774634495e-01
-5.782268834107135991e-01 8.188901302921466341e-01
-6.575667307821423391e-01 7.598343398067788357e-01
-7.470015076859782832e-01 6.760019045128868864e-01
-8.038403247938653573e-01 6.021486001945576261e-01
-8.446377875806382329e-01 5.403859514779220108e-01
-8.691854534554789291e-01 4.969579198441569368e-01
-8.821293310205654548e-01 4.718257618495290129e-01
-8.835510946513412955e-01 4.683136398415523316e-01
-8.740475325780420190e-01 4.862202466454778049e-01
-8.617241000464749279e-01 5.079888883632013297e-01
-8.602055881503730683e-01 5.099654875677097632e-01
-8.704501853033758119e-01 4.926267185847679198e-01
-8.915578048891584784e-01 4.549254020967802847e-01
-9.210320437662588011e-01 3.951158745122693161e-01
-9.562133669775154665e-01 3.074693690623883646e-01
-9.893601864656222933e-01 1.898677693568333602e-01
-1.001308373479800062e+00 8.855333957827048186e-02
-1.002933599277900933e+00 1.081797256384153805e-02
-1.000519797117799259e+00 -4.424282900784107936e-02
-9.975552594861107902e-01 -7.709029457295074605e-02
-9.963358018002480554e-01 -8.578404264984050565e-02
-9.976809067330036918e-01 -6.965848576964288330e-02
-9.993347361018252162e-01 -4.429356060540656781e-02
-9.992299994007668440e-01 -3.976013879109871474e-02
-9.984585926111865239e-01 -5.813034298838523628e-02
-9.958693262373989885e-01 -9.972034712412969348e-02
-9.885275819398765540e-01 -1.643674578482680615e-01
-9.712700492617293291e-01 -2.552555088101101100e-01
-9.361951002804571598e-01 -3.719319011077482084e-01
-8.896820259191021707e-01 -4.691797045144972533e-01
-8.473372762532609404e-01 -5.369932720544735583e-01
-8.133688175200204373e-01 -5.846496786648561761e-01
-7.911217310640908940e-01 -6.126805755217966665e-01
-7.834738363883156920e-01 -6.215079790124341530e-01
-7.919155750268774829e-01 -6.107487947781226056e-01
-8.069625448840135329e-01 -5.911052490477429755e-01
-8.094699983763332662e-01 -5.872000561113474015e-01
-7.985630335433420157e-01 -6.021639870998051203e-01
-7.731645623364238329e-01 -6.355622837305223705e-01
-7.309163627766531723e-01 -6.855782347015828559e-01
-6.657230229612323136e-01 -7.519509655026090922e-01
-5.709009835738507732e-01 -8.301356309399637867e-01
-4.763729354572917574e-01 -8.861023050177920801e-01
-4.022493513760122541e-01 -9.190907831308773313e-01
-3.461835893275830855e-01 -9.400521242523532939e-01
-3.110045686178042335e-01 -9.511076011167098887e-01
-2.987835212807681273e-01 -9.543872991958014529e-01
-3.109726637129954785e-01 -9.504823919736403726e-01
-3.332861781032021575e-01 -9.431092363288150482e-01
-3.359058492500316961e-01 -9.419127180642848929e-01
-3.167779149768809033e-01 -9.486961496772341462e-01
-2.751201116492999477e-01 -9.623897787640253165e-01
-2.098878985494603833e-01 -9.800424303968590101e-01
-1.159630700031676342e-01 -9.978231370496148944e-01
8.943452327228484933e-03 -1.007754025060696668e+00
1.171891010524595544e-01 -9.990524120391564011e-01
1.972905298908080585e-01 -9.837034452175298371e-01
2.547804150339875728e-01 -9.687989051780647731e-01
2.896832305853375145e-01 -9.578060733617607125e-01
3.010626853330788388e-01 -9.536633567782801801e-01
2.885135315014885626e-01 -9.575432882616754515e-01
2.677551583683420167e-01 -9.637237740025701438e-01
2.680201158636346670e-01 -9.634241998731215562e-01
2.904766092417120360e-01 -9.571448021099832060e-01
3.352898748180485611e-01 -9.432628304051672297e-01
4.017394679772438026e-01 -9.184791453305293230e-01
4.919608464539814152e-01 -8.762728027318810176e-01
6.012831565492247066e-01 -8.092298424577041294e-01
6.803749140882074942e-01 -7.403662489973641403e-01
7.364043162939052367e-01 -6.813723746465099040e-01
7.731433848132457376e-01 -6.368204698351805915e-01
7.943420007678760886e-01 -6.084766885140060477e-01
8.003070993494004748e-01 -5.996557836699826227e-01
7.918725861289604984e-01 -6.108112605142070883e-01
7.801890063441329071e-01 -6.258290200582727891e-01
7.827476548891365571e-01 -6.223653429435888063e-01
7.995422291197866738e-01 -6.011829816454672404e-01
8.296242604075345639e-01 -5.605731890455807331e-01
8.704704964191158911e-01 -4.978476604424443841e-01
9.197737676402636398e-01 -4.060027326668786962e-01
9.675252150615987201e-01 -2.844371996457727425e-01
9.876498665147604994e-01 -1.861828461155385916e-01
9.975761921429355805e-01 -1.062046090877571958e-01
1.000257769063795488e+00 -5.050609533520207528e-02
1.000418611091211440e+00 -1.667493117896378524e-02
9.999923621368479454e-01 -7.736436376107134333e-03
9.998357287479585631e-01 -2.240274760591125930e-02
9.993984609212033243e-01 -3.811762854761217845e-02
9.995938493146847570e-01 -2.977658148504874064e-02
1.000454417869475865e+00 1.068612959611640184e-03
9.999248707520242974e-01 5.521751544084974039e-02
9.941218465323313769e-01 1.337634434064451927e-01
9.765572202589982709e-01 2.410615030720464624e-01
9.393078052727126259e-01 3.674493877535581765e-01
8.963364095049664027e-01 4.538002457811857182e-01
8.563418142055683191e-01 5.224347051223910965e-01
8.255527252881909028e-01 5.668720810936945798e-01
8.060628388144245315e-01 5.926889664062267027e-01
8.012343843668994214e-01 5.983669662717152615e-01
8.101172841885286857e-01 5.864228442192850332e-01
8.171563807537832735e-01 5.765524511734210211e-01
8.101150426829696327e-01 5.863922869307830466e-01
7.898263163568323142e-01 6.142651782582211339e-01
7.540435365685980162e-01 6.593148434766435972e-01
6.985511946223564861e-01 7.202695837892075792e-01
6.152260541709182462e-01 7.963540751570533649e-01
5.071501056749858627e-01 8.718629743078525340e-01
4.221092634186198178e-01 9.114029999700172802e-01
3.494767149126619121e-01 9.401723633065437458e-01
2.990680116521902132e-01 9.556673081022416527e-01
2.690626342493653289e-01 9.636077041939494769e-01
2.629953860518977615e-01 9.647980011961733160e-01
2.771894332918469761e-01 9.609085443538031290e-01
2.852740402215516724e-01 9.584915430198504005e-01
2.702861491253071291e-01 9.629004734511793506e-01
2.337214805522625782e-01 9.730228895595767202e-01
1.744251324757876143e-01 9.865309746618897702e-01
8.936993542032559135e-02 9.996934266896396748e-01
-2.728331686132626221e-02 1.006408113506775504e+00
-1.579161818430518949e-01 9.960960851731632815e-01
-2.470288078337321003e-01 9.733709367689810099e-01
-3.201414400820868922e-01 9.504416161025068810e-01
-3.679723359163501462e-01 9.312438880251954210e-01
-3.950620388258240800e-01 9.191179078359825727e-01
-3.993265246987787731e-01 9.168013694801159241e-01
-3.861802141976493075e-01 9.225161009376510179e-01
-3.819767655571847942e-01 9.241943191408491520e-01
-3.997071493993522573e-01 9.168331832157204930e-01
-4.377176330057060971e-01 9.000503853803275556e-01
-4.952075642129543653e-01 8.711373178195884748e-01
-5.725062974995409615e-01 8.248164437307285990e-01
-6.697376039396475411e-01 7.523937255696285797e-01
-7.611260415711346150e-01 6.613039799470457059e-01
-8.140938900393689392e-01 5.877562173173318527e-01
-8.543794294541484646e-01 5.249420555565389446e-01
-8.782046176588352848e-01 4.808654045581219338e-01
-8.904825592236382814e-01 4.558378584643653642e-01
-8.915190709075200282e-01 4.529514841230768418e-01
-8.852881647107041507e-01 4.652140221888427241e-01
-8.852202776559968678e-01 4.651984198812265103e-01
-8.959921288447246779e-01 4.446452888707768114e-01
-9.160633784574456762e-01 4.035828151883948389e-01
-9.427620860564820404e-01 3.404029250875501011e-01
-9.728558185233129318e-01 2.501358505274665633e-01
-9.999486652371085693e-01 1.266254326040792133e-01
-1.007756082685833388e+00 2.087648884491977164e-03
-1.000193166293583236e+00 -8.724692825498978066e-02
-9.899874264720477379e-01 -1.581663287778123372e-01
-9.798927938685041417e-01 -2.051493917448906634e-01
-9.735990469460402696e-01 -2.295887028651643624e-01
-9.731643718350542205e-01 -2.300265167325449556e-01
-9.760685353147732224e-01 -2.177752841452214871e-01
-9.748348830016756450e-01 -2.230493504931809201e-01
-9.685516384922301381e-01 -2.503129577909712911e-01
-9.554884484522788712e-01 -2.992910679403376628e-01
-9.321843209688561727e-01 -3.694067227192066039e-01
-8.922248242450280253e-01 -4.628393261348809351e-01
-8.268047392514235039e-01 -5.777747368718803012e-01
-7.527895570987854779e-01 -6.686352108248143633e-01
-6.888392133339290568e-01 -7.302925296164981539e-01
-6.370892545699764486e-01 -7.737152543863907717e-01
-6.007675941503913819e-01 -8.006836569907470613e-01
-5.827492314386232275e-01 -8.129242639722817909e-01
-5.844910880141878096e-01 -8.113789532734407839e-01
-5.926302908755891607e-01 -8.055298820760408152e-01
-5.833515858070934534e-01 -8.123120010918607470e-01
-5.561587249286216172e-01 -8.317245908746528915e-01
-5.091436547725604056e-01 -8.624939736614302133e-01
-4.395515954879237741e-01 -9.017465996420388485e-01
-3.402562187403133098e-01 -9.465998967020620158e-01
-2.096572549844653299e-01 -9.872664167241114175e-01
-1.025487402461557618e-01 -1.000589994546390749e+00
-1.516501805978796857e-02 -1.003668186931275574e+00
4.807493722675779124e-02 -1.000824773596036277e+00
8.996908228445653355e-02 -9.968190315248978139e-01
1.080990311582658292e-01 -9.942921528131747344e-01
1.037185701528734877e-01 -9.945970411885978191e-01
9.787188543794521356e-02 -9.952169646388239199e-01
1.149981305538545495e-01 -9.935172562930800755e-01
1.534464284210971807e-01 -9.888959977504199195e-01
2.138827759864185829e-01 -9.787633281523966389e-01
2.969957292464138199e-01 -9.586825017480355982e-01
4.062379463645830469e-01 -9.210174378649501614e-01
5.298316877179689577e-01 -8.592541600431153892e-01
6.106107307726521549e-01 -7.983872360322311623e-01
6.750668053414279335e-01 -7.426275394162125121e-01
7.170779604433900056e-01 -6.995545163834332447e-01
7.432465658811987508e-01 -6.701536932137147629e-01
7.530856378186507882e-01 -6.580814513141669542e-01
7.495619372597328578e-01 -6.619277980723176080e-01
7.487776159472995241e-01 -6.628306003661899037e-01
7.633637873469859558e-01 -6.463381990579666336e-01
7.911939396334833896e-01 -6.130709481662682814e-01
8.306581188862577347e-01 -5.606125357807149046e-01
8.794074149141002383e-01 -4.845341553163734494e-01
9.342065050064112253e-01 -3.766304142023342294e-01
9.786711802818474082e-01 -2.469150359816186246e-01
9.934000733529252392e-01 -1.505646336863301626e-01
1.001086826984674660e+00 -6.810885581621659024e-02
1.001613329631248162e+00 -1.005997235736692114e-02
1.000310031117853438e+00 2.708787936938902852e-02
9.992528246941281278e-01 4.051025267294647986e-02
9.993737621278352412e-01 3.531148368724764536e-02
9.992638169156140560e-01 3.874210668002345953e-02
9.982242096762031780e-01 6.496077856234054593e-02
9.947799016401305261e-01 1.124425127559164905e-01
9.858259389076171608e-01 1.816112423734786985e-01
9.662188843445860265e-01 2.746324710182878603e-01
9.274079299273031429e-01 3.946840120245054262e-01
8.675975320288114023e-01 5.151001279886952000e-01
8.113419069140079820e-01 5.923116634104544920e-01
7.604470362722686172e-01 6.543023372433147689e-01
7.214099331952107397e-01 6.947604315662764263e-01
6.960332636925670169e-01 7.188417002948596091e-01
6.874638283810453609e-01 7.262833107641789576e-01
6.908308338940052362e-01 7.230125521522109411e-01
6.848401200607272532e-01 7.287552005518311837e-01
6.625661197901051569e-01 7.496080053481114502e-01
6.232678534920685909e-01 7.837156318075257921e-01
5.643111998205665447e-01 8.288784699118637578e-01
4.797315705916235795e-01 8.831286004683998048e-01
3.616083845151172871e-01 9.415653195702783362e-01
2.379477995719359584e-01 9.798657592734945077e-01
1.445393037214950938e-01 9.939727282381547457e-01
6.794363700657407579e-02 1.000625200473241883e+00
1.390426721357324730e-02 1.001346185411086109e+00
-1.831374437667604438e-02 1.000337262454716214e+00
-2.707714581698376227e-02 9.996540708974887002e-01
-2.360852585828630140e-02 9.997170230747628450e-01
-3.743336516715619483e-02 9.994054431973654617e-01
-7.273426534510106511e-02 9.979612511558921817e-01
-1.296226756018767634e-01 9.931887114973443342e-01
-2.084089814437844468e-01 9.812672907570392233e-01
-3.125380707685813664e-01 9.559096280187886485e-01
-4.415622819037298141e-01 9.077047348706269725e-01
-5.461322783364487288e-01 8.464342860258728951e-01
-6.206663652141859444e-01 7.896100509368955134e-01
-6.750050870836126204e-01 7.413514145389415999e-01
-7.111102732006128191e-01 7.049272776096243698e-01
-7.305150766271496510e-01 6.834867821965825430e-01
-7.344109595119859835e-01 6.787065189212364569e-01
-7.338543574214859699e-01 6.792998115098866085e-01
-7.472774026209317855e-01 6.648164695572186256e-01
-7.740946645560486949e-01 6.343426758660509757e-01
-8.130261488795764713e-01 5.855379084869429818e-01
-8.614451746535579657e-01 5.149797576694812307e-01
-9.169897146679448774e-01 4.149398761477680053e-01
-9.695509620739070078e-01 2.829849303484890388e-01
-9.912482691522015443e-01 1.731784068269262566e-01
-1.000929884698758432e+00 8.128609014014032130e-02
-1.002250082498485462e+00 1.264792912595502639e-02
-1.000519542589770605e+00 -3.573889381845196667e-02
-9.984262389853643116e-01 -6.150883728641499959e-02
-9.978140212388388886e-01 -6.597676934231788692e-02
-9.976097340036271799e-01 -6.917785621089447834e-02
-9.958709872896573945e-01 -9.419830975175028098e-02
-9.912535571452212313e-01 -1.394729259207283245e-01
-9.808777779011258469e-01 -2.058091539029592576e-01
-9.600398423152487482e-01 -2.941629515392983341e-01
-9.208032701743324999e-01 -4.081751940955620772e-01
-8.562481118219726905e-01 -5.359888553923712884e-01
-7.918486206285331175e-01 -6.198193698970392296e-01
-7.318077504047268977e-01 -6.874441472935282071e-01
-6.837610329657494157e-01 -7.326517320044647619e-01
-6.485508084296144338e-01 -7.625543530068816800e-01
-6.297955428042418813e-01 -7.771040406735753026e-01
-6.264416549122199251e-01 -7.794584721458411858e-01
-6.206397626709937443e-01 -7.841364231953349417e-01
-5.975831239312374699e-01 -8.023409022096421594e-01
-5.575373810611469194e-01 -8.316121922556581891e-01
-4.979065834651071332e-01 -8.701144019187757594e-01
-4.142069735402182928e-01 -9.151116605288425188e-01
-2.981984305960881931e-01 -9.626740784884370017e-01
-1.600668894112281526e-01 -9.973003885449639450e-01
-5.767485087754935236e-02 -1.003594363723736338e+00
3.086378287700286549e-02 -1.003413625665548370e+00
9.499924764013532863e-02 -9.975378549226503466e-01
1.392329535895313053e-01 -9.912537382506886319e-01
1.612445356499083993e-01 -9.871529908167847589e-01
1.655787433010033893e-01 -9.861916176279773572e-01
1.768068649385909630e-01 -9.843179217904991507e-01
2.092436713442924201e-01 -9.784122483795291148e-01
2.610794896046187419e-01 -9.667614216747602018e-01
3.324949789798721245e-01 -9.460179582532786124e-01
4.248198344604482424e-01 -9.106416698268735566e-01
5.401498541734495173e-01 -8.514585290931196981e-01
6.542964462999705244e-01 -7.691904591322427098e-01
7.245451987367896862e-01 -6.965788387129462356e-01
7.809086902057388313e-01 -6.306077701822281334e-01
8.176760992728941968e-01 -5.791121751518366612e-01
8.411075064176792848e-01 -5.425820443809575844e-01
8.518226450657339077e-01 -5.242317348851838199e-01
8.543057285570100357e-01 -5.197703707842966647e-01
8.622398074803603318e-01 -5.067456194241564127e-01
8.805701964946398563e-01 -4.752917177354892830e-01
9.068708295761348515e-01 -4.251574868746574865e-01
9.384722240786668168e-01 -3.539863681447913413e-01
9.719771119916245095e-01 -2.565804235912880205e-01
1.001064204941792157e+00 -1.256635949689481613e-01
1.009365894221327054e+00 1.188012688528675143e-02
9.987783744265377184e-01 1.115017419127783543e-01
9.844384760114619493e-01 1.949491968750840243e-01
9.689089513940781773e-01 2.550048442742493537e-01
9.564196382157403864e-01 2.949321286440800827e-01
9.497480225641184992e-01 3.135921766482684392e-01
9.476773179575116446e-01 3.192513318467908867e-01
9.414500052463601332e-01 3.377430145127965910e-01
9.276929674601267495e-01 3.754643675233775291e-01
9.042371370401898201e-01 4.312635284408535274e-01
8.672970898898463288e-01 5.044717131429533596e-01
8.100830983055092860e-01 5.961579598446217210e-01
7.229327104989473618e-01 7.047615678851755217e-01
6.237514782519213430e-01 7.927871532001008470e-01
5.402689788511760849e-01 8.473387596643543462e-01
4.687860855908880797e-01 8.870622110236655589e-01
4.139834124176608454e-01 9.122628091412435802e-01
3.771415261806399521e-01 9.269904804407325116e-01
3.602317719285300091e-01 9.330184964969588934e-01
3.531167979236096155e-01 9.356009992425987631e-01
3.302906498675088343e-01 9.442031177173741963e-01
2.882422667956685003e-01 9.585730881962127858e-01
2.256960966288238946e-01 9.763501423050685579e-01
1.405592294126129793e-01 9.938656407787636038e-01
2.698268470585915568e-02 1.006119303450464519e+00
-1.174743800662177151e-01 1.003494292427585588e+00
-2.398081169286921388e-01 9.788150649782521029e-01
-3.341096025013065018e-01 9.477062056284031311e-01
-4.061339078183706652e-01 9.171294930036339998e-01
-4.580222569573919600e-01 8.908257175501471670e-01
-4.902983091326504339e-01 8.723324512443930701e-01
-5.040920745546578763e-01 8.637841155725604070e-01
-5.128776607255011166e-01 8.585177654827783611e-01
-5.381258694918686913e-01 8.433845892583113901e-01
-5.791217125346825867e-01 8.166889441754786594e-01
-6.351592856572226831e-01 7.754881553017106688e-01
-7.047365108776413312e-01 7.153806790030319274e-01
-7.875276785231859478e-01 6.278986290373500534e-01
-8.740318404243425654e-01 5.078317027292343910e-01
-9.232668789457127989e-01 4.016248276629837966e-01
-9.561165531749514779e-01 3.089284252073746240e-01
-9.746279857482368358e-01 2.360240898261653231e-01
-9.851082713914093292e-01 1.808116138139036766e-01
-9.899115397830517971e-01 1.459081747048076860e-01
-9.915503939951048062e-01 1.305258921821925433e-01
-9.932346268604591577e-01 1.169245087441449227e-01
-9.970927895482608605e-01 8.336570464937825831e-02
-1.000911558864882034e+00 3.064866071050535018e-02
-1.001761847597088639e+00 -4.264531170836200619e-02
-9.949995455926520238e-01 -1.384454682123833213e-01
-9.731886813312212725e-01 -2.618051284728841743e-01
-9.269774759366733452e-01 -4.035805501362309533e-01
-8.723016103737294413e-01 -5.017204545556278594e-01
-8.184888877433180721e-01 -5.826265798519737471e-01
-7.721091125645977993e-01 -6.396929959179988856e-01
-7.349664828558170049e-01 -6.803146561884220178e-01
-7.105646891922294817e-01 -7.044493121813492076e-01
-6.990454553471199262e-01 -7.152314866811332328e-01
-6.868194708795195558e-01 -7.270286583655116708e-01
-6.597730315837782022e-01 -7.523766138890525257e-01
-6.173213609198080487e-01 -7.886725507496250565e-01
-5.564965846689369222e-01 -8.343064314136132698e-01
-4.726093983938084442e-01 -8.867914030987514851e-01
-3.569720270778653504e-01 -9.428845961168275114e-01
-2.147260964163922037e-01 -9.879735546926350365e-01
-1.051378178745460829e-01 -1.000557292577634705e+00
-8.760481742318013132e-03 -1.004575024415424789e+00
6.414227219986723405e-02 -1.000585099310359327e+00
1.185891376022376459e-01 -9.944412848327881527e-01
1.525142577047564618e-01 -9.888855778699102705e-01
1.689895683272039650e-01 -9.857469358821218108e-01
1.883551689431511023e-01 -9.823005425372055566e-01
2.270941861138059958e-01 -9.746696547871488425e-01
2.834254399224464538e-01 -9.607335050852207070e-01
3.577299320305078467e-01 -9.370618490886004626e-01
4.509091454163508539e-01 -8.982408665151124794e-01
5.652914064301242103e-01 -8.351354840703526516e-01
6.840204563740059918e-01 -7.445484533842109398e-01
7.570149729993278509e-01 -6.625496960349549491e-01
8.158549134187599305e-01 -5.861905096370375601e-01
8.547516595238365822e-01 -5.241359043535317452e-01
8.813173799674993703e-01 -4.757151865804425950e-01
8.966432350874280477e-01 -4.441151969243766207e-01
9.041379682463578371e-01 -4.275955340373437386e-01
9.133213469856781286e-01 -4.078295540035498101e-01
9.299370521241846488e-01 -3.700203265917773598e-01
9.511749542930112433e-01 -3.143131236641055204e-01
9.743862542135203197e-01 -2.384205193921182797e-01
9.956277735470292489e-01 -1.383832317984407534e-01
1.008614163910455330e+00 -7.063455653395972478e-03
1.001026727534680250e+00 1.425313384578375253e-01
9.746303758415961749e-01 2.493972278073748883e-01
9.448054378348275106e-01 3.415783993365813509e-01
9.153222704116028563e-01 4.094016775208704773e-01
8.899388091412491208e-01 4.594975207362828051e-01
8.718773184601490422e-01 4.910457037856811313e-01
8.616190386074014107e-01 5.079149114705886481e-01
8.495314148626433859e-01 5.280664446562236547e-01
8.267551854549534118e-01 5.641722891854015209e-01
7.917438005423176328e-01 6.138468685733866614e-01
7.410935766220649867e-01 6.761690287109787256e-01
6.692828357730356004e-01 7.500991739312458106e-01
5.668505041312799086e-01 8.343963450912705859e-01
4.376033484607058099e-01 9.116512684326759652e-01
3.332688905972019944e-01 9.493266094976752223e-01
2.391188526933344383e-01 9.758774094668526411e-01
1.652422325529511460e-01 9.890813806157751076e-01
1.081455560556654205e-01 9.957834740583882960e-01
7.023412786328095403e-02 9.982411703518262458e-01
4.869910775137473169e-02 9.990337500249216740e-01
2.385387453914151676e-02 1.000026994915057976e+00
-1.986259451042994909e-02 1.000754693048769184e+00
-8.137213128756509706e-02 9.985691106433203235e-01
-1.617845752788557023e-01 9.901203590311044023e-01
-2.632113435710992100e-01 9.702414208743195267e-01
-3.898160122795163440e-01 9.303762549464181797e-01
-5.260683989623444745e-01 8.638144669295418909e-01
-6.156090323439333822e-01 7.960062013979289919e-01
-6.900533909438593128e-01 7.304825118512994209e-01
-7.421960238476591476e-01 6.745010041805193923e-01
-7.798172501422110381e-01 6.287813267126044492e-01
-8.035654489976319370e-01 5.965412610906307700e-01
-8.169788916925800892e-01 5.771292974946221621e-01
-8.317206232611897843e-01 5.558022389008597797e-01
-8.560986833717005862e-01 5.187095543001501996e-01
-8.873333406059897843e-01 4.652400239356671019e-01
-9.232240101727242632e-01 3.926674307184352952e-01
-9.605375212097813087e-01 2.965796758973773817e-01
-9.944073991838706661e-01 1.689262273733906916e-01
-1.011432282965193830e+00 1.703230042604228500e-02
-1.001835816442114169e+00 -9.700703236815325092e-02
-9.856268408760349153e-01 -1.966422225633321363e-01
-9.653578978125423316e-01 -2.723602846042520453e-01
-9.457797996518674255e-01 -3.305164834005110963e-01
-9.299787708084524818e-01 -3.700366128731760185e-01
-9.195453882647478538e-01 -3.938102682664124110e-01
-9.087353141163980741e-01 -4.182271614662216863e-01
-8.897552483884437757e-01 -4.586104608252459247e-01
-8.605299986605305929e-01 -5.131159373566290816e-01
-8.176420841773556214e-01 -5.813155201335693523e-01
-7.558442021997398008e-01 -6.626470136965066926e-01
-6.659547380198617139e-01 -7.572864127580881677e-01
-5.449858169652840312e-01 -8.524024504567903060e-01
-4.400123854864769202e-01 -9.056703630556395268e-01
-3.444575517239861773e-01 -9.444103338093345901e-01
-2.669094071646503918e-01 -9.670761139737974466e-01
-2.044464049869779143e-01 -9.809539162483156272e-01
-1.594567637871094901e-01 -9.882446035828273967e-01
-1.309512368817589145e-01 -9.917929721119820297e-01
-1.038620232922063125e-01 -9.949643842411249883e-01
-5.968393725964415281e-02 -9.992035272999530982e-01
1.568508656270825585e-03 -1.001864397405408447e+00
8.120530227610972540e-02 -9.998639309607961767e-01
1.811577026041861216e-01 -9.885692122448279662e-01
3.061588417328477973e-01 -9.605326182647966338e-01
4.504634944334962032e-01 -9.059788738180520884e-01
5.545433327913144028e-01 -8.411379623861851007e-01
6.382553072505621206e-01 -7.769646684457565122e-01
6.993624452056568241e-01 -7.196252402775705770e-01
7.449055210058862508e-01 -6.705045866650725106e-01
7.759599506181537043e-01 -6.326607585843347925e-01
7.951287026146512948e-01 -6.072558813421673474e-01
8.116220997586940378e-01 -5.848400614629051253e-01
8.368927943394591784e-01 -5.491164245365652841e-01
8.692638307236439932e-01 -4.980128314386946253e-01
9.066819219117826512e-01 -4.290263266310641033e-01
9.461210270607831596e-01 -3.384927769682907761e-01
9.837152144365269857e-01 -2.189756016616137280e-01
1.009454409616211912e+00 -6.742332165936509858e-02
1.006401539982785254e+00 6.155158717750641717e-02
9.915676888925081256e-01 1.682119593014889669e-01
9.713431343877864110e-01 2.530760432338232668e-01
9.500531969521067710e-01 3.198075313248383567e-01
9.310603990278867315e-01 3.685669828397558634e-01
9.169314604870525409e-01 4.005439103747722718e-01
9.049354801793214609e-01 4.264968927577040270e-01
8.862042481378983316e-01 4.653008032923912629e-01
8.575804391396691928e-01 5.177921485608004692e-01
8.160135468881840604e-01 5.831827503113506950e-01
7.570504477839826718e-01 6.605347949918174422e-01
6.727057959794501274e-01 7.500271806984161183e-01
5.541048840654211327e-01 8.462947972002288211e-01
4.349371409894978169e-01 9.105710499523056445e-01
3.325655653093494424e-01 9.493591326593255886e-01
2.452907632353757694e-01 9.736436990212422593e-01
1.738703568827713875e-01 9.874355782903605494e-01
1.190515524563222627e-01 9.944128990869558482e-01
8.142917550960718232e-02 9.973816235195915869e-01
5.183091865282830890e-02 9.990897788059781570e-01
9.050839027939239223e-03 1.000879088642231407e+00
-5.052105479136228400e-02 1.000487949369533336e+00
-1.273856791861133486e-01 9.948313536117503464e-01
-2.227632133880604326e-01 9.796308019570724168e-01
-3.404062622365280899e-01 9.481083411624217083e-01
-4.810303326840094096e-01 8.897758275822308383e-01
-5.985164522372109497e-01 8.132659913822046782e-01
-6.816780368919430622e-01 7.399354256913874828e-01
-7.459910051295277622e-01 6.724104931050322032e-01
-7.927914166791751871e-01 6.140402375378527511e-01
-8.257658194407007102e-01 5.669169122596608990e-01
-8.469969879644666522e-01 5.330747397297295187e-01
-8.627956980537343501e-01 5.064846689259187018e-01
-8.842667427780807055e-01 4.689855420908403127e-01
-9.115370122124492047e-01 4.155478508451757036e-01
-9.419846973813015278e-01 3.444225822922355462e-01
-9.723947798462814207e-01 2.525560874071220430e-01
-9.984690457836694621e-01 1.335869364938852000e-01
-1.011362930035959007e+00 -1.845582774829926387e-02
-9.972787517653818323e-01 -1.607596491804200722e-01
-9.695046348652137658e-01 -2.692543167052463549e-01
-9.381543937142403644e-01 -3.589342703719969885e-01
-9.067604435989884415e-01 -4.284482037191111869e-01
-8.789250291135655146e-01 -4.805821927194228183e-01
-8.574560165984871363e-01 -5.162133312476684388e-01
-8.400478850040946632e-01 -5.434622679336155171e-01
-8.155744348908174901e-01 -5.803497422487680080e-01
-7.794073863226056442e-01 -6.294643049673737112e-01
-7.287852346268067771e-01 -6.891861143541135881e-01
-6.594821235879674282e-01 -7.580211514282846341e-01
-5.638174755512489478e-01 -8.349431353749199314e-01
-4.323576132077684431e-01 -9.146663703901740661e-01
-2.975591241889045668e-01 -9.654890412701417901e-01
-1.870791619546001983e-01 -9.887567991978765125e-01
-9.184586993181208248e-02 -1.000354562636915912e+00
-1.464535653181245345e-02 -1.002853731858712738e+00
4.547431407164113926e-02 -1.000762848580905917e+00
8.812189516401990053e-02 -9.970175449301474924e-01
1.217199928001633791e-01 -9.931337577684563600e-01
1.671570703010370751e-01 -9.869995881781588043e-01
2.285301533538816321e-01 -9.755270749741309366e-01
3.056425512584052817e-01 -9.554619968880339043e-01
3.990341078603030223e-01 -9.222618462901264191e-01
5.111845506001584383e-01 -8.684002302843195631e-01
6.411059880343645823e-01 -7.829850538078626521e-01
7.444289029020302317e-01 -6.829785173128626319e-01
8.133988865972248128e-01 -5.926144649946177845e-01
8.647954181179628996e-01 -5.112107582830243135e-01
9.003923254453168878e-01 -4.419520918109562935e-01
9.244699486960429313e-01 -3.860509303281094984e-01
9.396138783172316433e-01 -3.449897345762245049e-01
9.509186310903173789e-01 -3.114394522067325255e-01
9.652009631375186860e-01 -2.658503157532137728e-01
9.811226210303921613e-01 -2.037026540652877860e-01
9.956420132753107666e-01 -1.236572299997888702e-01
1.004791084401187362e+00 -2.320840246841819610e-02
1.002638172531019833e+00 1.032464300893798786e-01
9.786119688679709716e-01 2.588920285633767304e-01
9.304376907524799512e-01 3.931955529154289586e-01
8.767736241004135955e-01 4.941995244051616276e-01
8.239674376110857068e-01 5.747039841947738648e-01
7.754557507772382730e-01 6.362155043256083609e-01
7.341716212144884235e-01 6.817202029989198886e-01
7.024262256010753713e-01 7.131406032677904960e-01
6.753082823199271223e-01 7.384603065193587890e-01
6.380797655163314985e-01 7.715850719538938085e-01
5.864605777990530289e-01 8.126468316652126767e-01
5.178428021638040724e-01 8.594866302146808579e-01
4.281889264993424815e-01 9.094839343525896735e-01
3.097341530661482101e-01 9.594467244127511396e-01
1.557254520894192917e-01 1.000527960291038410e+00
1.464580444205276777e-02 1.009819596744572889e+00
-1.001004959872112826e-01 1.001547142619015451e+00
-1.950308024963651188e-01 9.854789917487027928e-01
-2.713497032828794953e-01 9.656868516936247815e-01
-3.302356036046979471e-01 9.459270025365831280e-01
-3.727272658405491601e-01 9.290544356270452608e-01
-4.084191529230355999e-01 9.136166696973354595e-01
-4.553962985602605928e-01 8.917972298125008690e-01
-5.150136206022815077e-01 8.598354418297987634e-01
-5.864164377943020812e-01 8.144042457169785587e-01
-6.688317196757780358e-01 7.506586813341132869e-01
-7.624134952224005390e-01 6.600305352679506354e-01
-8.611985544243627722e-01 5.330308855502162713e-01
-9.240799260046895780e-01 4.072112472189574062e-01
-9.615853137472891721e-01 2.977104587465876362e-01
-9.837530118461942363e-01 2.037005888541023602e-01
-9.953280861984495909e-01 1.249769221048102896e-01
-1.000049781793264314e+00 6.208151713028330076e-02
-1.000983133180463058e+00 1.502655199377085637e-02
-1.000493358427707591e+00 -2.565440717925165925e-02
-9.983030847711644729e-01 -7.909424495136588296e-02
-9.914151190375295464e-01 -1.477977071580099944e-01
-9.764105199678586589e-01 -2.323044030426753837e-01
-9.484857942553075461e-01 -3.338033863326747563e-01
-8.997173184763522791e-01 -4.557389732507683422e-01
-8.190289585306070874e-01 -5.960601672931837847e-01
-7.259473490209626956e-01 -7.020347135912257119e-01
-6.381079308534443051e-01 -7.786409552908635234e-01
-5.587004815825982185e-01 -8.350284678705706121e-01
-4.891873287160682926e-01 -8.758779153397934225e-01
-4.314512040224892098e-01 -9.044188602059305415e-01
-3.866175765285524424e-01 -9.235149914557830853e-01
-3.470537960323371585e-01 -9.387984151188666360e-01
-2.953381205866615344e-01 -9.569659267985985984e-01
-2.279160308369876931e-01 -9.761919200659614493e-01
-1.430319714229769668e-01 -9.934902738247328724e-01
-3.779495002124858005e-02 -1.004860071222972273e+00
9.388340360276317687e-02 -1.004225051907828181e+00
2.544832521649411650e-01 -9.805535611873678059e-01
3.887740856921290677e-01 -9.322931336242253897e-01
4.929152510337840298e-01 -8.779033621469298776e-01
5.754424258053816299e-01 -8.237375402461514229e-01
6.397840893024699938e-01 -7.728944725819868466e-01
6.884800040346349403e-01 -7.282416312774920852e-01
7.237585732784993509e-01 -6.918943886194764969e-01
7.532664044588446295e-01 -6.591813439015874465e-01
7.892998092466424476e-01 -6.165434089181776045e-01
8.316907622130593758e-01 -5.597294017505312080e-01
8.782292711552014408e-01 -4.860857200015180624e-01
9.262422733891658710e-01 -3.915236618429530080e-01
9.722398037193561438e-01 -2.683097607274194107e-01
1.007098040815213924e+00 -1.096729688572554151e-01
1.009853106227687425e+00 3.565905648285538909e-02
9.952023840174167857e-01 1.532662305802210412e-01
9.730864286509229855e-01 2.512447913996008753e-01
9.473793967098838031e-01 3.307932377863634921e-01
9.217309808584205344e-01 3.937037788350152834e-01
8.989286004473623359e-01 4.412310915333194639e-01
8.775856675407983643e-01 4.815759250144295289e-01
8.494368712880221439e-01 5.307243374931951418e-01
8.101927467403954308e-01 5.904935912568524126e-01
7.566486308001247885e-01 6.596256622293965588e-01
6.841103675617618007e-01 7.370311857590806648e-01
5.842723229953291630e-01 8.220494106960410940e-01
4.472175881702034062e-01 9.089718350454101259e-01
3.087095891033286854e-01 9.626537898349666333e-01
1.919867062414925551e-01 9.885882141247881449e-01
9.036812321544274162e-02 1.001123858230766217e+00
5.129070048093598011e-03 1.003596775132425289e+00
-6.466758327652254168e-02 1.000337400058819881e+00
-1.191506025763250237e-01 9.943770634870225944e-01
-1.658358067420434012e-01 9.872772548660463388e-01
-2.222406565838614956e-01 9.766811417907443893e-01
-2.921382210387173939e-01 9.590798040562175109e-01
-3.752828627172836717e-01 9.310419051455712802e-01
-4.721935427526584572e-01 8.878401312198739292e-01
-5.848901467551368416e-01 8.215490729508511114e-01
-7.118410312926201078e-01 7.207334116618279163e-01
-8.103584316619261152e-01 6.052241681686424402e-01
-8.730512740975413521e-01 5.021895136164429285e-01
-9.187408943550562368e-01 4.083407050916935677e-01
-9.490424212875319121e-01 3.268562344148444043e-01
-9.688331719761416050e-01 2.578549773286276103e-01
-9.809649123809075499e-01 2.022896737543684320e-01
-9.892440249610421343e-01 1.541679799418473329e-01
-9.970315633243409525e-01 9.651583733537205667e-02
-1.002342874194594335e+00 2.401901547056918551e-02
-1.001814462747597334e+00 -6.407007778132020603e-02
-9.911802668351783474e-01 -1.697255602590480028e-01
-9.636447585255190074e-01 -2.972405541379337657e-01
-9.078896004076673076e-01 -4.492845583071373161e-01
-8.278185073182136033e-01 -5.819306063480624847e-01
-7.484798222138731028e-01 -6.741188582179020727e-01
-6.720547155698843866e-01 -7.480516067942835079e-01
-6.025650488312305209e-01 -8.029402640543049641e-01
-5.414008487508046308e-01 -8.439685811478352395e-01
-4.904074675858723364e-01 -8.734698758842089905e-01
-4.455677939042719804e-01 -8.966629775652911194e-01
-3.921666154316029718e-01 -9.217866211820119338e-01
-3.240139767727243658e-01 -9.488829715726112557e-01
-2.394586107048390922e-01 -9.749176054744281839e-01
-1.353529997128616325e-01 -9.964692993599905124e-01
-5.696150444116698797e-03 -1.008397803904172996e+00
1.558735979876801903e-01 -1.000879173070086114e+00
3.094278599587070300e-01 -9.639046546322135312e-01
4.218316847452436846e-01 -9.148568547089510616e-01
5.168132443404853671e-01 -8.628785571331890614e-01
5.910057336739222844e-01 -8.116609540778589871e-01
6.495892093302909620e-01 -7.640088028955648314e-01
6.941507605740525610e-01 -7.223923335168571658e-01
7.304861926214090140e-01 -6.849096228668930531e-01
7.704454269838179048e-01 -6.403133100830884494e-01
8.163372357970082316e-01 -5.822825378011017294e-01
8.656675468828073372e-01 -5.084161158785995838e-01
9.161128108194829256e-01 -4.147569304109292032e-01
9.644827566795249885e-01 -2.942470424581067334e-01
1.003481243775310672e+00 -1.376779783166630911e-01
1.012569534250674641e+00 2.308445808641609864e-02
9.969517062824243547e-01 1.457727183790732406e-01
9.735505835062878699e-01 2.535763310913485280e-01
9.446137470827040694e-01 3.407134665366564064e-01
9.144268741505359177e-01 4.120655644198347178e-01
8.857848899160805090e-01 4.683497739789825309e-01
8.587910274044681103e-01 5.151530014623797449e-01
8.263346461736527093e-01 5.664414104689733387e-01
7.826874624000172975e-01 6.268504572464995706e-01
7.248966766660018823e-01 6.945706597518997993e-01
6.485977622413255927e-01 7.684894554137113865e-01
5.463522460917035195e-01 8.474264031926515006e-01
4.071609337036488085e-01 9.272914394152286244e-01
2.519283540596796156e-01 9.815638295555325632e-01
1.283836897062392568e-01 9.994862042956832449e-01
1.592767602005254468e-02 1.006166126653425419e+00
-7.761421288286542153e-02 1.001347216673815321e+00
-1.566008238378338024e-01 9.908564554074629216e-01
-2.208457639046654541e-01 9.775022978822124342e-01
-2.750120857526118234e-01 9.630656538503354902e-01
-3.335680221839459891e-01 9.447208283110626326e-01
-4.034720556857609997e-01 9.180397614491004887e-01
-4.836824682281480881e-01 8.797332799304562467e-01
-5.742693068943537371e-01 8.254329722869332420e-01
-6.758817020361717054e-01 7.479696810549345543e-01
-7.879400209245560616e-01 6.357656162787592713e-01
-8.837683169759683599e-01 4.972082027548108130e-01
-9.331775159726728441e-01 3.808450380646932754e-01
