-2.276752112810763711e-03 1.000000000000000000e+00
-5.023231106254567174e-03 9.999540072518351419e-01
-8.346301650282458504e-03 9.999045564877145909e-01
-1.238267597685674751e-02 9.998419287317312776e-01
-1.713102920253408226e-02 9.997477364848124104e-01
-2.251020923122449419e-02 9.996179524994284193e-01
-2.842910129366244681e-02 9.994540932876486705e-01
-3.482468423707883731e-02 9.992547175114587787e-01
-4.167039316496841395e-02 9.990119828524521850e-01
-4.896552639112808358e-02 9.987117803870237953e-01
-5.671770709007836753e-02 9.983365531560366435e-01
-6.492726013921049089e-02 9.978689149652165691e-01
-7.357729341305419002e-02 9.972944445215168319e-01
-8.262955558818491086e-02 9.966031738649187011e-01
-9.202472188602790759e-02 9.957900237850538794e-01
-1.016857392568712160e-01 9.948546304596971313e-01
-1.115230641130134093e-01 9.938009214091175769e-01
-1.214406453210017806e-01 9.926366332966499728e-01
-1.313415530862268310e-01 9.913728331194772148e-01
-1.411324268978454144e-01 9.900234442293237569e-01
-1.507263505737677645e-01 9.886047718103990745e-01
-1.600441750398404750e-01 9.871350375084396722e-01
-1.690145705065392301e-01 9.856339479607993947e-01
-1.775731796549070429e-01 9.841223280146841335e-01
-1.856612134513774548e-01 9.826218454251626211e-01
-1.932237471329888434e-01 9.811548420509171864e-01
-2.002078842684528737e-01 9.797442702978476081e-01
-2.065608863134379414e-01 9.784137163287216499e-01
-2.122283210916746377e-01 9.771874764159489413e-01
-2.171522650762092999e-01 9.760906413701161410e-01
-2.212695988193541796e-01 9.751491355892139001e-01
-2.245104636450988844e-01 9.743896488696256464e-01
-2.267970097763924997e-01 9.738393856840925622e-01
-2.280426827624922603e-01 9.735255321647312554e-01
-2.281525062620084199e-01 9.734742998982545137e-01
-2.270251907783230050e-01 9.737093450353623281e-01
-2.245585243473344206e-01 9.742492873072926551e-01
-2.206604774817221837e-01 9.751039975570736651e-01
-2.152697346218749863e-01 9.762693775172438526e-01
-2.083902968978964820e-01 9.777207413503341549e-01
-2.001430218347303447e-01 9.794060093545003953e-01
-1.908269719197523695e-01 9.812420146799225584e-01
-1.809590975747563391e-01 9.831192258290332164e-01
-1.712330827033221869e-01 9.849178626143627602e-01
-1.623610340472180780e-01 9.865280616921553447e-01
-1.548746503377240458e-01 9.878595712789014494e-01
-1.490369986949995340e-01 9.888410848331636860e-01
-1.449026640896660945e-01 9.894254225264751401e-01
-1.424299063580741487e-01 9.896030167657112742e-01
-1.415628028031837293e-01 9.894088890246824919e-01
-1.422668953346752641e-01 9.889134781813613273e-01
-1.445348492809815089e-01 9.882005569264085132e-01
-1.483822220275662074e-01 9.873407630132162716e-01
-1.538458015275654400e-01 9.863679500266931965e-01
-1.609891470071081188e-01 9.852631075233371227e-01
-1.699146069229295897e-01 9.839485327348282961e-01
-1.807780843711855601e-01 9.822922365699670033e-01
-1.938021116964325774e-01 9.801188020122771904e-01
-2.092842290522889115e-01 9.772191774378082840e-01
-2.275998533317777905e-01 9.733503870225856947e-01
-2.491974094750555591e-01 9.682191715800904097e-01
-2.745675577535585110e-01 9.614540909680479031e-01
-3.041105734813556172e-01 9.526005221190013694e-01
-3.376817206989146669e-01 9.412616832076828866e-01
-3.735734129427069061e-01 9.276334521084919071e-01
-4.082698976385102929e-01 9.130503491277495165e-01
-4.393497881210348677e-01 8.988449149026790375e-01
-4.663533746367758415e-01 8.853769606610181198e-01
-4.894396965148989365e-01 8.725749916847566068e-01
-5.091857328836802976e-01 8.602983343358232560e-01
-5.263102528290258819e-01 8.485898663730533364e-01
-5.413954069942978897e-01 8.376923990928740738e-01
-5.547306349105556311e-01 8.279326855484832048e-01
-5.663100338098657760e-01 8.196146336620596662e-01
-5.759095806018634800e-01 8.129819535036032496e-01
-5.831698961856870422e-01 8.082373823320603279e-01
-5.876507126828519612e-01 8.055855583902243877e-01
-5.888586610265833521e-01 8.052675589701552283e-01
-5.862814135714132791e-01 8.075501495155025244e-01
-5.795104879683402599e-01 8.126122606171489737e-01
-5.686140767427065867e-01 8.202525336774232345e-01
-5.548940772290783530e-01 8.294469764335133943e-01
-5.414511856944599355e-01 8.382701836996682143e-01
-5.318249114174266046e-01 8.449215537165846168e-01
-5.275003092298835572e-01 8.486796050030138705e-01
-5.280215190163193295e-01 8.493521671674627571e-01
-5.323906203877558641e-01 8.467821174343432844e-01
-5.398442266577189175e-01 8.409063005873146368e-01
-5.500773197301723760e-01 8.318693633296170287e-01
-5.631034627328753706e-01 8.200199659570927002e-01
-5.790617710568439769e-01 8.058237481494294752e-01
-5.980749187495140173e-01 7.897456455134064246e-01
-6.201613781027838224e-01 7.720910300021436301e-01
-6.451993828945989939e-01 7.528197958694842207e-01
-6.728957038793477174e-01 7.314473573225102054e-01
-7.025865864167808450e-01 7.073003898529228728e-01
-7.326572113655752672e-01 6.803925001154318419e-01
-7.602947135520703448e-01 6.520928248085621215e-01
-7.833443807487361354e-01 6.237497663057197661e-01
-8.019722522495029704e-01 5.958359886216244572e-01
-8.175894902008481457e-01 5.689247537445345504e-01
-8.314009068055902008e-01 5.438377222858492566e-01
-8.439193932263988618e-01 5.213749523860431445e-01
-8.551027095595151728e-01 5.021886789212018920e-01
-8.645959307525200588e-01 4.868055406721401024e-01
-8.719117420292330500e-01 4.757110272062564094e-01
-8.765199546148937371e-01 4.694516917867150307e-01
-8.778674209379171423e-01 4.687012500484104560e-01
-8.753958888794747262e-01 4.741677723739114447e-01
-8.687519150319746863e-01 4.860442664024641202e-01
-8.586351723385114987e-01 5.025846014660676486e-01
-8.482796507367691419e-01 5.187205076273913029e-01
-8.424852988901424533e-01 5.288864591599228282e-01
-8.430794939664398857e-01 5.316282100264915211e-01
-8.486933090952937242e-01 5.275129545842851542e-01
-8.570710284276849000e-01 5.169171595223250870e-01
-8.664631864792836646e-01 4.998367251097914910e-01
-8.762473878769704294e-01 4.761316973278723053e-01
-8.866458108488191048e-01 4.458179712042109610e-01
-8.983197232468936866e-01 4.092811378437409831e-01
-9.120890198961985051e-01 3.676919223891754740e-01
-9.285669578784929712e-01 3.236458514379833007e-01
-9.474195223226482554e-01 2.810359585954773642e-01
-9.663034849870302256e-01 2.428955967219665890e-01
-9.806678448553280969e-01 2.101873523614278261e-01
-9.862647797282706463e-01 1.815576000971809434e-01
-9.842528008977798892e-01 1.535030855474318057e-01
-9.803658680065614472e-01 1.241022541619182795e-01
-9.783651882413785250e-01 9.436753111588028209e-02
-9.789942274875716999e-01 6.613520586046196803e-02
-9.816450852401984450e-01 4.100134730029365848e-02
-9.853134344514811183e-01 2.020009575584379852e-02
-9.890636832947020674e-01 4.689960970918331806e-03
-9.922362638178650052e-01 -4.636530565726673658e-03
-9.944992157663663512e-01 -6.762317048394325333e-03
-9.957826820133112156e-01 -6.895091518594170105e-04
-9.961388802875024151e-01 1.326016360701833159e-02
-9.958580713145969154e-01 3.033715278666767462e-02
-9.960420045252550425e-01 4.167742985542640527e-02
-9.975184649543927806e-01 4.326706117734597373e-02
-9.994718723842173080e-01 3.600517075176477150e-02
-1.000420488196513968e+00 2.106633035010312821e-02
-9.990631508056754262e-01 -7.778623442720594694e-04
-9.948716871745280077e-01 -2.941010395001832783e-02
-9.880174191584794041e-01 -6.497271420046824009e-02
-9.791849875735865183e-01 -1.074547902548085854e-01
-9.696790345979079406e-01 -1.560013803262273180e-01
-9.616377743204724826e-01 -2.077195897155294235e-01
-9.568592660043956366e-01 -2.575828293997394769e-01
-9.536748017161487123e-01 -3.010128699916199690e-01
-9.470635241034688345e-01 -3.349123938973628256e-01
-9.328328369297413936e-01 -3.605470408190543097e-01
-9.131292267998377676e-01 -3.839708778599290051e-01
-8.933114399829907848e-01 -4.088262045923828358e-01
-8.763726136123290988e-01 -4.346397403600166243e-01
-8.631737921561510873e-01 -4.596882409352517351e-01
-8.536538729705075434e-01 -4.821457110027356219e-01
-8.474542789570098655e-01 -5.004265008444049867e-01
-8.442964569788438123e-01 -5.132104255066696208e-01
-8.441998296079981090e-01 -5.193195359279504375e-01
-8.474530136127953472e-01 -5.177477685115369210e-01
-8.539654506870196782e-01 -5.085852229952376735e-01
-8.617086591342458801e-01 -4.958993283249531481e-01
-8.668952439298073243e-01 -4.885826783322472222e-01
-8.679726682005636240e-01 -4.911661518217422806e-01
-8.646474930534596703e-01 -5.020225474460741077e-01
-8.560011698997129770e-01 -5.190121368902416155e-01
-8.409953887677549256e-01 -5.405444690536224117e-01
-8.189370807011109310e-01 -5.662252059400053605e-01
-7.896871188905952854e-01 -5.963811252667828855e-01
-7.538831387148546836e-01 -6.314746437421006053e-01
-7.140623252952518207e-01 -6.712911729226054280e-01
-6.760787222403357166e-01 -7.136380875665938595e-01
-6.449097922219571011e-01 -7.543734037460081421e-01
-6.196200930105124627e-01 -7.880614465323867446e-01
-5.959780762124462505e-01 -8.089728749609380598e-01
-5.687160094361103368e-01 -8.184651723163214321e-01
-5.376418806938823014e-01 -8.256111369557682655e-01
-5.063039303047343065e-01 -8.357143004884841631e-01
-4.774133912330251195e-01 -8.488908523844258536e-01
-4.524527494306226361e-01 -8.636113465176153969e-01
-4.322378751158362231e-01 -8.780189634634688600e-01
-4.172450881206827278e-01 -8.904636328501150944e-01
-4.079358414609242645e-01 -8.996595133289669866e-01
-4.049794028260160772e-01 -9.046821278576614445e-01
-4.089713475043011970e-01 -9.050804352254517848e-01
-4.185909784787519849e-01 -9.017023340876252346e-01
-4.275159032244614243e-01 -8.984242586344040049e-01
-4.285555240402458277e-01 -9.000044157505676656e-01
-4.209902208395387979e-01 -9.062964230380707864e-01
-4.054115223707986937e-01 -9.151401726740000520e-01
-3.820246619272261168e-01 -9.244983342479808908e-01
-3.506098599906616875e-01 -9.332737751987898456e-01
-3.108094392991765931e-01 -9.413974831991724912e-01
-2.625521915708359244e-01 -9.494151682625182609e-01
-2.069807679816118573e-01 -9.583588568591863144e-01
-1.485197157412395663e-01 -9.697748801788155237e-01
-9.448554963229274795e-02 -9.843554352591732393e-01
-4.888343484490892399e-02 -9.986211086477502219e-01
-1.279445261412950202e-02 -1.005435005682834948e+00
1.723263475196507022e-02 -9.999245706385810895e-01
4.772759280868630466e-02 -9.872386907788817112e-01
8.061218862113367356e-02 -9.753442916607701907e-01
1.140116641583186763e-01 -9.671640704423897228e-01
1.457418886855824103e-01 -9.627489073716983814e-01
1.739245047462019689e-01 -9.612034405374138002e-01
1.970911481287361822e-01 -9.614578625947810542e-01
2.140676756537414349e-01 -9.626618233505107591e-01
2.237708487437023719e-01 -9.643670693231225499e-01
2.253130547389595728e-01 -9.665212520125791018e-01
2.194549185107520506e-01 -9.691242409312108563e-01
2.122124612073557071e-01 -9.716081254770637665e-01
2.130293830202956706e-01 -9.732394930089053320e-01
2.238345749915386929e-01 -9.734620387383741136e-01
2.427274913957082891e-01 -9.709399753581169357e-01
2.682352499657063571e-01 -9.641039419388930387e-01
2.996791711985460904e-01 -9.517688150106300427e-01
3.372485931556650218e-01 -9.334604891742269706e-01
3.813954588099847109e-01 -9.093504759555774974e-01
4.320592634352734551e-01 -8.806623459156465161e-01
4.869976580191880400e-01 -8.511772178940495426e-01
5.407512080081371408e-01 -8.267187576821767303e-01
5.878061999772258295e-01 -8.078480893263478846e-01
6.226402783097126914e-01 -7.897541669461322078e-01
6.441185424108148982e-01 -7.660582709662924206e-01
6.605088654256764391e-01 -7.359496918717527425e-01
6.791211174848330590e-01 -7.044895073187220635e-01
7.006640428374663054e-01 -6.753943047029178359e-01
7.235194216687207414e-01 -6.501821100730506009e-01
7.456495516426573378e-01 -6.293783171011014810e-01
7.652060174393052749e-01 -6.130812710769137919e-01
7.807195859620907896e-01 -6.013466172837030888e-01
7.910729960543937400e-01 -5.944689084774542609e-01
7.955810350498726535e-01 -5.929366410052002712e-01
7.948715432145145865e-01 -5.962837417281754426e-01
7.931824373717675236e-01 -6.003033249330965715e-01
7.970156103135814796e-01 -5.984693851304383472e-01
8.070876559563548991e-01 -5.891804087378289534e-01
8.210434509443567119e-01 -5.725723547485407350e-01
8.368631910949930752e-01 -5.483662193598668466e-01
8.534052515858463472e-01 -5.160963565444544043e-01
8.705786537731869945e-01 -4.752796340708764222e-01
8.888476999738177398e-01 -4.257486170306362117e-01
9.089448724096588217e-01 -3.685369844560594799e-01
9.316012928672575688e-01 -3.082567150019734359e-01
9.563199237623476456e-01 -2.530434559932827066e-01
9.788566137347104457e-01 -2.066595328931830899e-01
9.916061003466190016e-01 -1.688945486198139556e-01
9.904110161446428862e-01 -1.351264418112763099e-01
9.822277052485736126e-01 -9.948420130501471614e-02
9.754221425855423844e-01 -6.155822196482185760e-02
9.723776535676396104e-01 -2.374652891062024179e-02
9.727057779451194763e-01 1.182371073201631678e-02
9.752012836086551006e-01 4.348145033742781967e-02
9.785921363209213464e-01 6.998965965807829592e-02
9.818972037863827884e-01 9.036674431885120817e-02
9.845774628845812559e-01 1.036795389889403202e-01
9.865533353444932985e-01 1.092591346044565898e-01
9.880505429158384922e-01 1.085279883085039365e-01
9.893566961916380187e-01 1.085254236431571762e-01
9.905982239686349500e-01 1.174442784919587091e-01
9.907585765026573066e-01 1.353755790490249189e-01
9.881361036187277236e-01 1.607924620014736239e-01
9.811801689627681622e-01 1.926742785579841910e-01
9.689460463486146979e-01 2.308293978304324090e-01
9.511618176966375460e-01 2.756474549980194588e-01
9.281449942536204034e-01 3.275353310051191125e-01
9.014734468843099702e-01 3.858841145777099912e-01
8.756015734883988433e-01 4.468894462969453807e-01
8.552235069572601267e-01 5.038900748465791057e-01
8.381332062115062209e-01 5.512855758480416091e-01
8.179761732822711240e-01 5.845012117626465775e-01
7.898129561338667060e-01 6.069498139551523508e-01
7.568874909937259865e-01 6.283537986512287565e-01
7.246096369813606053e-01 6.526848600562977776e-01
6.955302710746354977e-01 6.790611395148253848e-01
6.705015147595645431e-01 7.055719573582786008e-01
6.496847451430620701e-01 7.302549769544609548e-01
6.330149631954589129e-01 7.514836283913546300e-01
6.205477264385704794e-01 7.680158037359913203e-01
6.126358156344620109e-01 7.789786693011844232e-01
6.095037063090725793e-01 7.842612981517753656e-01
6.092018933458046570e-01 7.862174834353689024e-01
6.057809276185786018e-01 7.910270111829008632e-01
5.952539561599112794e-01 8.020854625801037141e-01
5.776160055403551929e-01 8.172700711898458481e-01
5.525470321464323042e-01 8.345875976028719334e-01
5.196488629194534470e-01 8.526128660431893103e-01
4.783768546624628804e-01 8.709883509089916265e-01
4.283239427770108576e-01 8.899874225411026352e-01
3.697484886119515868e-01 9.101830387740320605e-01
3.054976621797847458e-01 9.322749218685906225e-01
2.433406743909073966e-01 9.564406111600095572e-01
1.896980301375048583e-01 9.798324051666854606e-01
1.454786499317458626e-01 9.952663034630000460e-01
1.075302770582354656e-01 9.964495956237867658e-01
6.913852148468424552e-02 9.877268974707507088e-01
2.811896040992938745e-02 9.786277351546671666e-01
-1.347464302075655762e-02 9.728884362493537274e-01
-5.344835266852020206e-02 9.705993372236306760e-01
-9.004379246296628780e-02 9.707517477539552297e-01
-1.219397182743560681e-01 9.721313511374641836e-01
-1.481360642367832159e-01 9.737487468350801700e-01
-1.677519538853361747e-01 9.750407361928836725e-01
-1.801210856770577573e-01 9.759269898599058912e-01
-1.862155254528497783e-01 9.766184152173763566e-01
-1.920263168955001487e-01 9.770468359326726082e-01
-2.057186681315453236e-01 9.765825571114198356e-01
-2.277550486172648103e-01 9.740081456124785042e-01
-2.565306184178164917e-01 9.677424161104399847e-01
-2.910615367357047845e-01 9.564189752668684763e-01
-3.311181190329487989e-01 9.391624485834229041e-01
-3.770836495267984034e-01 9.156200446405539095e-01
-4.294265407698157899e-01 8.859154630868538716e-01
-4.877938365273025156e-01 8.513895301552134587e-01
-5.489198148649181430e-01 8.166227507590300139e-01
-6.062971855306037439e-01 7.873306048568360360e-01
-6.537023844831211239e-01 7.620553482493717112e-01
-6.859182822768548071e-01 7.348215631727071928e-01
-7.066405392858650103e-01 7.006304070076319057e-01
-7.261569208504183859e-01 6.620985485299258899e-01
-7.485307000189541649e-01 6.240427047451224674e-01
-7.730391633599674739e-01 5.888908047388738964e-01
-7.979166039876131045e-01 5.576175006524332067e-01
-8.213199394250084717e-01 5.305729614990208898e-01
-8.417329877171300101e-01 5.078744160946387920e-01
-8.580483393723510321e-01 4.897270062726052364e-01
-8.696093705204808177e-01 4.765542522385932678e-01
-8.766516875498692185e-01 4.683481640488950659e-01
-8.817580277454205584e-01 4.621332345056088364e-01
-8.898198442829674537e-01 4.510636810666533991e-01
-9.017447177689916771e-01 4.321945211191864922e-01
-9.152001989391114201e-01 4.059056931434066318e-01
-9.284897648049680319e-01 3.720725641923002258e-01
-9.405661038165323840e-01 3.304280012900563390e-01
-9.512356434758454382e-01 2.804424092584749673e-01
-9.607498070845846838e-01 2.216633560119641855e-01
-9.697167600741922744e-01 1.545015420127572314e-01
-9.794269174126950528e-01 8.274949193563520267e-02
-9.911119902207042864e-01 1.512402667127385469e-02
-1.001361779071131552e+00 -4.262339772988460451e-02
-1.002274799242415471e+00 -8.902489061839036211e-02
-9.897178198797734749e-01 -1.285341988251199052e-01
-9.706605963665703163e-01 -1.686909412190359114e-01
-9.527222782426177927e-01 -2.110966348326853148e-01
-9.381620367525456139e-01 -2.538620893980115256e-01
-9.269289783088671131e-01 -2.949864064315899648e-01
-9.182519846426054899e-01 -3.327413706271214466e-01
-9.112783272656526101e-01 -3.658066927746166930e-01
-9.054186682048231960e-01 -3.931742276524866631e-01
-9.005197103594044794e-01 -4.140585791437141339e-01
-8.967310745598909838e-01 -4.283898445872356686e-01
-8.935374895753352975e-01 -4.390567449352456020e-01
-8.885783755333725997e-01 -4.535252303232581994e-01
-8.796900480988705251e-01 -4.754481617325747589e-01
-8.657660111656572122e-01 -5.028187065597949923e-01
-8.457036171448345518e-01 -5.343951127369744869e-01
-8.186748836388069162e-01 -5.694384255863434996e-01
-7.841023409837817315e-01 -6.080546412718503824e-01
-7.416705865359447536e-01 -6.506925725166025076e-01
-6.917633280819145414e-01 -6.976712886664642177e-01
-6.374781251193989418e-01 -7.481047858710875298e-01
-5.864825685796573040e-01 -7.982084827391970894e-01
-5.427710356850810047e-01 -8.418506840347613762e-01
-5.033790083586545672e-01 -8.715813570546951938e-01
-4.623548938418127197e-01 -8.856059689440481941e-01
-4.169584549234720550e-01 -8.936186633280025493e-01
-3.700707051451076479e-01 -9.034435705771370895e-01
-3.246286690251133922e-01 -9.161527394505615263e-01
-2.822793530091691760e-01 -9.306546906408978970e-01
-2.440105056996020594e-01 -9.453642961187951332e-01
-2.104097570210141099e-01 -9.588346190795848933e-01
-1.819329323341916937e-01 -9.700044883518921246e-01
-1.590842288081923961e-01 -9.782981603898895928e-01
-1.419979255203233925e-01 -9.837891281174943048e-01
-1.281973340059472111e-01 -9.876191596288812491e-01
-1.105313494004974140e-01 -9.918628385931490543e-01
-8.483075288059779839e-02 -9.966282591027433302e-01
-5.209310839332467746e-02 -9.998861462665825650e-01
-1.265094846025151265e-02 -1.000129461459950519e+00
3.339298753169820527e-02 -9.963485647699383829e-01
8.647240544798659445e-02 -9.881474477840115345e-01
1.471561220525600677e-01 -9.754766032504945672e-01
2.155313832742797864e-01 -9.587506275508729248e-01
2.891711238671843542e-01 -9.399791909585063499e-01
3.605518447914675129e-01 -9.235021859079827200e-01
4.220947568476076106e-01 -9.092381017214957728e-01
4.691683189054943193e-01 -8.904779219121243816e-01
5.041235537269945777e-01 -8.616011241899922402e-01
5.368193306505781859e-01 -8.261693991714598173e-01
5.717899691652120753e-01 -7.906993488704820994e-01
6.082017787862362690e-01 -7.579961988235542902e-01
6.442674831952803771e-01 -7.287644606707697204e-01
6.781755680007047760e-01 -7.029478166879353784e-01
7.084603541207793453e-01 -6.802551938296503842e-01
7.340544125612412651e-01 -6.605046086720474108e-01
7.542947706794788099e-01 -6.438054768465873989e-01
7.693542555637804536e-01 -6.302133480634433127e-01
7.818313764777603536e-01 -6.179103606372785551e-01
7.970120125300075298e-01 -6.018460709400029751e-01
8.160623466382358471e-01 -5.791999469449768956e-01
8.367802470246757940e-01 -5.497719018887720077e-01
8.579249770173588141e-01 -5.130478175470234437e-01
8.787986047290695657e-01 -4.685702436303994523e-01
8.993870453692250910e-01 -4.157473038066345494e-01
9.199447976785515291e-01 -3.540586115131767464e-01
9.408249578380210032e-01 -2.837887682707870285e-01
9.624265122388332427e-01 -2.087406001006541778e-01
9.842437508258230494e-01 -1.382094098585697206e-01
1.001341545543225520e+00 -7.781251392335145067e-02
1.005473830292796800e+00 -2.737092056388443218e-02
9.953725387776191091e-01 1.916245117435451395e-02
9.804825060995547847e-01 6.762311687524491521e-02
9.673456612855907411e-01 1.175999893311949623e-01
9.572215364315819208e-01 1.669741208627369133e-01
9.496172240583987678e-01 2.139595123421308698e-01
9.435475751587210080e-01 2.571470638457810098e-01
9.380820334431517749e-01 2.955318749072033402e-01
9.326229431704210482e-01 3.283757527620336236e-01
9.270315184942454767e-01 3.551983132610759819e-01
9.214290323000910998e-01 3.766151393361680255e-01
9.151679302762665280e-01 3.968285732310002367e-01
9.061557125334771534e-01 4.222884920467314673e-01
8.927197159842353846e-01 4.532600598898897659e-01
8.736940842583358346e-01 4.883028432449552092e-01
8.481826147326139154e-01 5.267798544812615225e-01
8.155462027965585392e-01 5.685974065402973343e-01
7.752917083817545407e-01 6.141336402320055621e-01
7.271210086319731536e-01 6.638379910384506477e-01
6.718751011727275291e-01 7.175931789270332262e-01
6.145019230704469315e-01 7.730229466584566111e-01
5.628527651332773107e-01 8.242156864027176955e-01
5.170191531005462471e-01 8.635546287731874493e-01
4.718733692848211536e-01 8.854715368396360864e-01
4.224611448633118771e-01 8.963143373292438154e-01
3.701991548436722734e-01 9.065880288423522337e-01
3.184392936021875342e-01 9.193037374578212351e-01
2.691146118877556503e-01 9.338976741563399520e-01
2.233221640499866989e-01 9.489628381890105047e-01
1.816768100317517065e-01 9.630539884129150074e-01
1.445444879219996981e-01 9.750432805144544357e-01
1.122562201690299050e-01 9.842558629951655425e-01
8.497203841577280481e-02 9.905969625732223838e-01
6.122631367263246804e-02 9.947876672838658063e-01
3.548569468037950786e-02 9.981943757596237754e-01
3.032505385959886890e-03 1.000774964266661016e+00
-3.545218002314731720e-02 1.000698341951623105e+00
-7.975106320504399271e-02 9.967044709703507532e-01
-1.298292586173975804e-01 9.879766541249046519e-01
-1.861262849276331954e-01 9.741064193157727980e-01
-2.492573153916725071e-01 9.548606444977424390e-01
-3.195635630672883365e-01 9.302608929679401228e-01
-3.954460960902816402e-01 9.017248105673657532e-01
-4.701317000921944045e-01 8.739445490166245500e-01
-5.347737971691783887e-01 8.488528671103046097e-01
-5.836170646970799680e-01 8.204040798535717771e-01
-6.186658752333324962e-01 7.829453616950799999e-01
-6.505419854569434168e-01 7.392610400396126824e-01
-6.842621831658011189e-01 6.952350089737088235e-01
-7.192851857177942065e-01 6.535534223547979638e-01
-7.540367303329907900e-01 6.150288382539557119e-01
-7.868517586649369511e-01 5.797672722588069760e-01
-8.163858222650904883e-01 5.476054160739117771e-01
-8.417075114907024425e-01 5.184157547149432776e-01
-8.623560241886087940e-01 4.922479305926090176e-01
-8.787526392613920212e-01 4.688461647873977678e-01
-8.932589186468715692e-01 4.456452031255516699e-01
-9.090286474823326968e-01 4.175474949780569323e-01
-9.252872182742524210e-01 3.829756548361462065e-01
-9.404223300993106438e-01 3.418589005899826949e-01
-9.536277203028916682e-01 2.938285699784781158e-01
-9.645418757908909013e-01 2.384193113293804900e-01
-9.731276148115469704e-01 1.749655202930463782e-01
-9.794217746727211793e-01 1.028460984956365426e-01
-9.836559356549676725e-01 2.253553675267920553e-02
-9.869800054976382020e-01 -6.091479405259223046e-02
-9.900215517119899111e-01 -1.371221391759067654e-01
-9.869299337173181863e-01 -2.005112461074499142e-01
-9.704452564390074754e-01 -2.517802801048977246e-01
-9.432803789447586906e-01 -2.993695383650203379e-01
-9.142259664508582961e-01 -3.485925650827749189e-01
-8.872153836151045470e-01 -3.986635834597743733e-01
-8.629239387583284016e-01 -4.478614623636328340e-01
-8.409811243832728822e-01 -4.945508384884801378e-01
-8.207130766391965704e-01 -5.374467367957382891e-01
-8.015237113507807099e-01 -5.756596409656632440e-01
-7.831101186979009254e-01 -6.086474554081916510e-01
-7.654100908781291679e-01 -6.364662716619157168e-01
-7.476689357991156415e-01 -6.610185256187000036e-01
-7.269488914201743812e-01 -6.868167520851368169e-01
-7.007016878916624281e-01 -7.154357474816315232e-01
-6.682509006400471074e-01 -7.452608821849151521e-01
-6.288874794866207152e-01 -7.757274901670548894e-01
-5.820727673694098270e-01 -8.065683921863188166e-01
-5.271702578201881151e-01 -8.379457818967120941e-01
-4.635013877171855756e-01 -8.700998959232417729e-01
-3.908957558942405819e-01 -9.031203663486399025e-01
-3.123519643366995391e-01 -9.365194032047702288e-01
-2.373857651609579400e-01 -9.680365006654798599e-01
-1.722760430451143465e-01 -9.913538646041988311e-01
-1.153106338632358396e-01 -9.984642552157062534e-01
-5.980763674481436726e-02 -9.914071349279167666e-01
-2.051410486292461199e-03 -9.809107177040495840e-01
5.628785502089966170e-02 -9.720604888117717612e-01
1.132516220157806786e-01 -9.653943480753109929e-01
1.673859261081116490e-01 -9.601585706681474708e-01
2.176617900026368568e-01 -9.552815765871813802e-01
2.634344522281494849e-01 -9.498204191069633540e-01
3.043126427859895733e-01 -9.431741333453671494e-01
3.402519152057450480e-01 -9.351679350150966519e-01
3.725902018554491102e-01 -9.257832916271834245e-01
4.056714198450737108e-01 -9.141137739947897689e-01
4.426823364150389573e-01 -8.983086618193298900e-01
4.825822609213415437e-01 -8.771423596449343663e-01
5.251042840442502468e-01 -8.497629244602510346e-01
5.701904775443142892e-01 -8.155799562705586814e-01
6.181828812686969155e-01 -7.740406956872964983e-01
6.695275264545981209e-01 -7.245270273993057453e-01
7.244607794020663238e-01 -6.666054691149189138e-01
7.819913973530253637e-01 -6.018893529717399549e-01
8.375850854358133368e-01 -5.378315172894689855e-01
8.832464321663067164e-01 -4.805453453436056011e-01
9.112304703950512286e-01 -4.267044776944945439e-01
9.236270332911189485e-01 -3.704544274841371498e-01
9.319818801956160081e-01 -3.106931009513357878e-01
9.416716894816797856e-01 -2.505265554869955946e-01
9.529110170846933903e-01 -1.921236452454291865e-01
9.646442740683069950e-01 -1.366651169579835567e-01
9.755528732730842645e-01 -8.480923617528690617e-02
9.845140032321046952e-01 -3.685417086976577883e-02
9.907769077487991183e-01 7.072691157069696533e-03
9.940676798917142953e-01 4.701435269733774541e-02
9.946490058110616372e-01 8.399647870291887530e-02
9.928979970261714305e-01 1.217550314967060093e-01
9.880977514673846551e-01 1.638410385872418884e-01
9.788741396420668206e-01 2.098737080860234860e-01
9.644054994103724576e-01 2.599185839632777717e-01
9.441563019294423320e-01 3.141660209606207954e-01
9.176980011147531924e-01 3.731178906860289080e-01
8.845206830397204234e-01 4.373896341251712894e-01
8.441206612398658438e-01 5.073928945678569669e-01
7.973263443415450347e-01 5.819737123150890978e-01
7.496046177136002076e-01 6.549781532025170661e-01
7.054517328374118046e-01 7.165665378973137267e-01
6.597956607984964972e-01 7.599711769866364097e-01
6.075485992072757746e-01 7.885753487182193266e-01
5.507203898809950315e-01 8.138665050827105230e-01
4.937806146704709631e-01 8.402996705861457416e-01
4.388653537962025064e-01 8.675578987117866792e-01
3.867965571832045479e-01 8.943604163663501083e-01
3.378158721163248002e-01 9.192989088579377466e-01
2.918571945309958449e-01 9.412369953251855659e-01
2.487674514603336051e-01 9.594276673338120176e-01
2.083430887411694132e-01 9.736040521738495990e-01
1.696553844244687581e-01 9.842108870775543306e-01
1.295285942474085072e-01 9.923733001794960984e-01
8.486596721184921921e-02 9.981452958418702837e-01
3.562291510181224419e-02 1.000281565759820301e+00
-1.858309238706703365e-02 9.981639893586460310e-01
-7.814597547003776512e-02 9.914072548753534164e-01
-1.437011875298860319e-01 9.797309765830453099e-01
-2.159997389594396910e-01 9.627357499466326907e-01
-2.955850339993144060e-01 9.399158375708419610e-01
-3.810548688183702515e-01 9.116671698826134262e-01
-4.646536103599802625e-01 8.818253541384553085e-01
-5.353948557817356235e-01 8.521322189556655990e-01
-5.884187442614423613e-01 8.158275488444903800e-01
-6.294049854950093392e-01 7.696329524667764321e-01
-6.687210356551418489e-01 7.188039543224377104e-01
-7.089293355367168870e-01 6.683646316557017020e-01
-7.491571734317985509e-01 6.200520764477177593e-01
-7.880024029068968261e-01 5.742565313843240871e-01
-8.241155264524393509e-01 5.308139759741128394e-01
-8.564854668384188630e-01 4.893379069839455808e-01
-8.844908714288821638e-01 4.494389301612861098e-01
-9.079798807133008243e-01 4.107533184092478917e-01
-9.276142565894202052e-01 3.723272824049221885e-01
-9.449262143878526254e-01 3.314440263793039243e-01
-9.601644211119213512e-01 2.858291216994347517e-01
-9.723767296024602436e-01 2.351804755020169280e-01
-9.812524064279051217e-01 1.789129154134165289e-01
-9.866002441263141964e-01 1.164903953864449282e-01
-9.882792586505904087e-01 4.717270739602255625e-02
-9.859688965083275303e-01 -2.991198043120800454e-02
-9.791550181209576209e-01 -1.153635285552227080e-01
-9.679482177111687902e-01 -2.071274282173268810e-01
-9.546279579655211345e-01 -2.953740921993853741e-01
-9.373743211453534618e-01 -3.694435920344495417e-01
-9.086132787035645642e-01 -4.275912760232212229e-01
-8.686864100189816140e-01 -4.779242926723122897e-01
-8.253376937104505151e-01 -5.281899230016943170e-01
-7.829359168235381361e-01 -5.788391343885820328e-01
-7.425499462782932936e-01 -6.286495845215143152e-01
-7.041144338225672206e-01 -6.762317670202618869e-01
-6.671197442575942382e-01 -7.204230280656966912e-01
-6.309398020002967566e-01 -7.604355690258127742e-01
-5.950196178680393633e-01 -7.958529087055603579e-01
-5.588645350372826170e-01 -8.267199795601906098e-01
-5.214448810293942360e-01 -8.539586367693803304e-01
-4.805131017800562399e-01 -8.791557433483642159e-01
-4.346471974059676890e-01 -9.023414609751970739e-01
-3.833322841963048289e-01 -9.230395549702155034e-01
-3.259331949305913634e-01 -9.412152806326837817e-01
-2.618075202416212388e-01 -9.568678561775836311e-01
-1.901181855608952698e-01 -9.699462437604711162e-01
-1.098646970350299762e-01 -9.801483335997460689e-01
-2.054796952891058126e-02 -9.868908082234313373e-01
7.424974284650071032e-02 -9.899584259193671132e-01
1.622731494288184306e-01 -9.896020709832749063e-01
2.356260988592527306e-01 -9.802135289319157119e-01
2.966119519883644307e-01 -9.557831848421989296e-01
3.543304025322784878e-01 -9.217142310608503752e-01
4.126324777748438533e-01 -8.861059833620310577e-01
4.705521680599745182e-01 -8.517861696460540255e-01
5.267822185415449443e-01 -8.191117151095471671e-01
5.800902591150730592e-01 -7.876067756256036612e-01
6.295918033705568684e-01 -7.565110306474275292e-01
6.747753765790017733e-01 -7.250498941056026103e-01
7.154671070918632303e-01 -6.925697749253958424e-01
7.519496800651450652e-01 -6.584730174818567150e-01
7.853357001657920167e-01 -6.216786695329576951e-01
8.168240779372489824e-01 -5.805362848863362402e-01
8.463060601591204657e-01 -5.342071435984065975e-01
8.738280364883530549e-01 -4.820512989023318373e-01
8.995377482982069850e-01 -4.234462625603137576e-01
9.235656144819190949e-01 -3.576509804773147505e-01
9.458725291252254586e-01 -2.836930222473876828e-01
9.660821154446729286e-01 -2.004379824652081366e-01
9.834122059942435046e-01 -1.079314240975515621e-01
9.969915838059435487e-01 -1.291466779060171377e-02
1.004011550799397856e+00 7.131863584818030899e-02
9.965225349936144283e-01 1.422176139070389089e-01
9.737662578955808002e-01 2.059367429049380749e-01
9.451211558517674804e-01 2.695233960292524600e-01
9.164704012358182439e-01 3.332253472061532107e-01
8.890764904367534083e-01 3.956946849254781018e-01
8.626928000660378792e-01 4.557152392854896261e-01
8.365388437190842685e-01 5.123354932590459265e-01
8.097055363327042565e-01 5.649933519068600640e-01
7.813432179792044741e-01 6.134646865949336947e-01
7.507408167769364926e-01 6.578110952521871724e-01
7.172318681605670543e-01 6.984948050271964082e-01
6.798460154207504047e-01 7.365150100301565139e-01
6.375814037497211650e-01 7.725254395882081848e-01
5.898069352988259961e-01 8.067120118032596876e-01
5.358950898170382615e-01 8.394109686899451361e-01
4.751807236965215897e-01 8.708899549580306765e-01
4.067880495759527704e-01 9.012976141045871969e-01
3.295278753555322959e-01 9.305048190923574936e-01
2.422481565057018060e-01 9.579132256104020415e-01
1.468496753918446251e-01 9.822655008293789125e-01
5.501627197108023559e-02 1.001181832835631669e+00
-2.392211189147314121e-02 1.008155805462640719e+00
-9.315925240877874491e-02 9.973484645188409603e-01
-1.603673458771646132e-01 9.754456710290354549e-01
-2.280788266131552333e-01 9.513892453676741079e-01
-2.949525123755544764e-01 9.279914027855747927e-01
-3.597895580737182630e-01 9.054392815878791190e-01
-4.216027402107871414e-01 8.830487347345508109e-01
-4.797863209797590955e-01 8.598599530554583703e-01
-5.341010431759064536e-01 8.348912851077127106e-01
-5.845750512392632325e-01 8.072511568087616940e-01
-6.313966284467357193e-01 7.761979420940301466e-01
-6.749197567597013947e-01 7.411398750217330633e-01
-7.157903063232893270e-01 7.014668971605970693e-01
-7.546369906187883059e-01 6.565500550851273154e-01
-7.919527634461800414e-01 6.058121029722544071e-01
-8.281639835166597630e-01 5.486214778955628146e-01
-8.635484148528758119e-01 4.841841314054101675e-01
-8.981440582140213236e-01 4.113785495464696851e-01
-9.315751935608083123e-01 3.287429959372167310e-01
-9.627527373429979329e-01 2.358304934702960542e-01
-9.893562579032626481e-01 1.395743160545389883e-01
-1.006225339304726463e+00 5.400396282022083827e-02
-1.005566633277193977e+00 -2.044659945666918444e-02
-9.895896256366388810e-01 -9.048683539543439514e-02
-9.685763581495561159e-01 -1.609196422275092908e-01
-9.473801659571816636e-01 -2.308855441423837696e-01
-9.267936027351230122e-01 -2.991317879427303206e-01
-9.063302895782386903e-01 -3.646716793027060532e-01
-8.850478646372132996e-01 -4.268576304548760136e-01
-8.618917345338643621e-01 -4.854309554441420538e-01
-8.358266776984054625e-01 -5.404264231491566761e-01
-8.059232908772963055e-01 -5.919697929450054019e-01
-7.715756884158210260e-01 -6.399781455228175098e-01
-7.326246135165539464e-01 -6.844517652486094006e-01
-6.886835323041448076e-01 -7.262999066459908670e-01
-6.392132005601302014e-01 -7.662992403665904728e-01
-5.836149154712558795e-01 -8.050141969891545513e-01
-5.211359656406504559e-01 -8.428308404146587218e-01
-4.507193754810331909e-01 -8.798821635745271985e-01
-3.708522794864585470e-01 -9.159193181358500357e-01
-2.801151991344737469e-01 -9.500410240023925423e-01
-1.816608666445659881e-01 -9.801708147253247461e-01
-8.994043383269315073e-02 -1.002003066004878651e+00
-1.058302055667574570e-02 -1.007785027819460222e+00
6.211424375521373831e-02 -9.958386211055759718e-01
1.343970121230041448e-01 -9.758935314558387919e-01
2.064508196927374584e-01 -9.547211920352949299e-01
2.769939424748811829e-01 -9.338457100813180034e-01
3.450691318743185909e-01 -9.130445579012793633e-01
4.099958422365588828e-01 -8.914474935963266899e-01
4.714856412363311322e-01 -8.679716761752038767e-01
5.295698481483120945e-01 -8.414764934002252339e-01
5.843662882769234956e-01 -8.108488625837798613e-01
6.355609955883811946e-01 -7.753141923847370887e-01
6.824074008697004201e-01 -7.349907476673799289e-01
7.256757470694045198e-01 -6.899431842668597437e-01
7.665717102048448250e-01 -6.396521540681689988e-01
8.057560718444630732e-01 -5.835540066606839105e-01
8.437124958339267122e-01 -5.208906408344008421e-01
8.806102405963819324e-01 -4.506341599869939651e-01
9.162302864617248854e-01 -3.712693069653165701e-01
9.497293950128488094e-01 -2.809750894007398969e-01
9.792247561955804702e-01 -1.807084963667887900e-01
1.001162133825982403e+00 -8.326355433197611677e-02
1.008665509950674943e+00 6.998585462953677006e-04
9.976125547764186363e-01 7.593641364108046077e-02
9.762716059974597682e-01 1.493976186988232868e-01
9.526488241506761989e-01 2.226016011689198881e-01
9.289906681221089535e-01 2.943902136033378358e-01
9.053446747258040439e-01 3.638607765236933078e-01
8.809400731303662635e-01 4.303147780704390524e-01
8.546897975594759389e-01 4.934258753206618442e-01
8.253657372161582462e-01 5.531973963495171454e-01
7.916849369665105440e-01 6.097138195893597734e-01
7.526975682637430110e-01 6.624690179680454705e-01
7.087517986780461632e-01 7.100528695544736646e-01
6.604472229627947888e-01 7.529137465463401346e-01
6.072613300429482441e-01 7.927153832184530291e-01
5.486384699859698788e-01 8.301996405907244858e-01
4.837724541577855808e-01 8.659151561969469224e-01
4.116243896306819305e-01 9.000113655652293154e-01
3.306639150038908070e-01 9.322056713474350387e-01
2.388784615128206057e-01 9.615610714674618364e-01
1.360664883612591469e-01 9.862043974238879906e-01
3.339888637688168127e-02 1.003320424355749862e+00
-5.470097391193635972e-02 1.007463221210604276e+00
-1.319839385971155743e-01 9.933063739824867788e-01
-2.058042496838579094e-01 9.676430640564004371e-01
-2.789994466351349844e-01 9.388798402599254356e-01
-3.507310627209950238e-01 9.097965151108390325e-01
-4.201935318422485022e-01 8.806680963777874238e-01
-4.866886734289976868e-01 8.508270768309840193e-01
-5.498456653265806349e-01 8.191928165352981850e-01
-6.096077492353785265e-01 7.844545049061305564e-01
-6.659611931785693884e-01 7.451684450179596464e-01
-7.181309375884417090e-01 7.002768687537602732e-01
-7.641236029982514388e-01 6.504988335627052143e-01
-8.042171817153624946e-01 5.969717338741710178e-01
-8.404800506603741228e-01 5.390758967686664072e-01
-8.737068880607999910e-01 4.762141549449344646e-01
-9.044500913786679419e-01 4.074896528835057485e-01
-9.327714446561289341e-01 3.318169470739997795e-01
-9.582230647690264114e-01 2.476283943203878568e-01
-9.796165021135119222e-01 1.528069824647096675e-01
-9.948911563597839791e-01 4.663832654964569779e-02
-1.002058356504843983e+00 -6.035752120905125973e-02
-9.976771932433849965e-01 -1.512787610497242641e-01
-9.760273266346547461e-01 -2.292118591693684260e-01
-9.428383301155291996e-01 -3.019219588929791254e-01
-9.061904726952176858e-01 -3.733629371493069060e-01
-8.690690142223768122e-01 -4.431518776162332030e-01
-8.318885780174322120e-01 -5.106257837526171350e-01
-7.940629616417387293e-01 -5.750984134519936397e-01
-7.545118053970621963e-01 -6.361429959146875923e-01
-7.118325771156639448e-01 -6.935974471929515772e-01
-6.644311339364140645e-01 -7.472466861457701670e-01
-6.112954957164739023e-01 -7.958863432196678911e-01
-5.538538511270323372e-01 -8.370363172949503161e-01
-4.936642351616427060e-01 -8.712461707676057987e-01
-4.298303488044213361e-01 -9.008751479835843679e-01
-3.616598004849024273e-01 -9.267031066977173825e-01
-2.881297021437161376e-01 -9.491980597096422168e-01
-2.080909529035906425e-01 -9.682452892879940265e-01
-1.199364768654116314e-01 -9.831100221696257302e-01
-2.151706305150567766e-02 -9.921795747361686901e-01
8.790539123544280353e-02 -9.930522865604793914e-01
1.972057826140217462e-01 -9.849840763355911522e-01
2.881764351144696645e-01 -9.671488908474867863e-01
3.640297422360076474e-01 -9.338165649406967583e-01
4.330863049182809288e-01 -8.900620209295895258e-01
5.000978859540246013e-01 -8.430477702448833099e-01
5.651714763233355310e-01 -7.956001338847489279e-01
6.278056977430934715e-01 -7.481598803052970093e-01
6.873227936105315017e-01 -7.001839796030236984e-01
7.432138260313072564e-01 -6.505742369484837084e-01
7.951392212395215209e-01 -5.978239596508253539e-01
8.425284771617305157e-01 -5.402356450617977757e-01
8.835557255886571371e-01 -4.771662616480278896e-01
9.155671593804396435e-01 -4.112297728090303917e-01
9.399885426298052460e-01 -3.439613012834528694e-01
9.591996002295596346e-01 -2.740208267249315544e-01
9.738727948867046402e-01 -2.005666350773946394e-01
9.842693319063492430e-01 -1.224479380490731545e-01
9.899867556872177232e-01 -3.846781150210483446e-02
9.898562898625899997e-01 5.297670893386693947e-02
9.816528186619110086e-01 1.539409078830298316e-01
9.626120522243012401e-01 2.646503157770099257e-01
9.343497375947672490e-01 3.720726882476928510e-01
8.989487287831381401e-01 4.584041684703415998e-01
8.507105479290874017e-01 5.277947229975357146e-01
7.941553238858178876e-01 5.892980496493355203e-01
7.350662937046754664e-01 6.480276274916392243e-01
6.758013068250260380e-01 7.045156131810629274e-01
6.167184903560927189e-01 7.583894034081057889e-01
5.572763430740255153e-01 8.089523731977087406e-01
4.963385419296944545e-01 8.555592055884324587e-01
4.323013451422507147e-01 8.975752550005811070e-01
3.635221544254577108e-01 9.338640787572045632e-01
2.903457239143774071e-01 9.618941032197080299e-01
2.169020503051133364e-01 9.796537877680573381e-01
1.437466858744712583e-01 9.898285345659422196e-01
6.915801080480320218e-02 9.943655629754781788e-01
-7.921185833835886481e-03 9.937275881110450015e-01
-8.869828632927292955e-02 9.878225680161010214e-01
-1.743496170686413271e-01 9.758326477808350052e-01
-2.663520333412398022e-01 9.559890678540108322e-01
-3.664211562564798075e-01 9.252793022652285870e-01
-4.735373373294072818e-01 8.809147226898356164e-01
-5.718776210018188255e-01 8.291015988134351478e-01
-6.468477861320285349e-01 7.737618767039956547e-01
-7.037755368231084496e-01 7.093395714894784598e-01
-7.524768366272530651e-01 6.393569118761889269e-01
-7.978958232833895936e-01 5.679619912107758406e-01
-8.408374255371821038e-01 4.968442406952857104e-01
-8.809703955558454425e-01 4.262079809741534664e-01
-9.175207765543573757e-01 3.554840248129289559e-01
-9.496106673506344853e-01 2.834970932350751038e-01
-9.761337587560233731e-01 2.086268196001400399e-01
-9.951774930930092911e-01 1.296959777208491760e-01
-1.003892289063468501e+00 4.899307880670802917e-02
-1.002279845691631754e+00 -2.841095250082364965e-02
-9.937652025822667490e-01 -1.040566471887143241e-01
-9.794878177733233882e-01 -1.796608322410764569e-01
-9.595462167451367375e-01 -2.565280976767368992e-01
-9.333710051772948768e-01 -3.357634905332632647e-01
-8.995989205018763979e-01 -4.183710262581944450e-01
-8.557046379604200670e-01 -5.054614856604778828e-01
-7.978226183254683024e-01 -5.979748911751978646e-01
-7.243867213582582121e-01 -6.927042131387921575e-01
-6.493214898222330334e-01 -7.718934352729497350e-01
-5.746681448265082981e-01 -8.271133851786978131e-01
-4.957532592654690928e-01 -8.645595818300917390e-01
-4.142054462085112410e-01 -8.942896204782075920e-01
-3.325627728473720679e-01 -9.205969267604536821e-01
-2.517932413019190463e-01 -9.443232606943661178e-01
-1.719367825718001175e-01 -9.650546580999900259e-01
-9.240082857793398274e-02 -9.818419767279895627e-01
-1.203221720098031355e-02 -9.934255786489737394e-01
7.054423125375892945e-02 -9.980145346624460512e-01
1.551893253904907399e-01 -9.929630298550949918e-01
2.368646763794115540e-01 -9.765570370896717867e-01
3.119234098642006403e-01 -9.517459548282564130e-01
3.839910923045577462e-01 -9.211195374066822872e-01
4.544635845181000389e-01 -8.850184373124883042e-01
5.247071377638486966e-01 -8.429712420412671658e-01
5.955138678190471380e-01 -7.938761840552811533e-01
6.674408931637157982e-01 -7.357341238539716333e-01
7.408327751373692260e-01 -6.651854744787919493e-01
8.152026477035763108e-01 -5.777959374773254941e-01
8.846415367523805529e-01 -4.763227549389307258e-01
9.339462676641387961e-01 -3.834193263546175068e-01
9.606392283529646692e-01 -2.946090141977857346e-01
9.718139097862987796e-01 -2.066094618141794403e-01
9.764487435165346563e-01 -1.186472182493750888e-01
9.779416487150036641e-01 -3.185661405458005413e-02
9.769109348473213883e-01 5.338711040695387489e-02
9.727358014338940428e-01 1.371430691305181859e-01
9.641585435865196452e-01 2.199464413169882060e-01
9.493569627271313260e-01 3.027184185155409324e-01
9.257727283994491296e-01 3.859779584788501361e-01
8.909793207410284799e-01 4.670474390536274445e-01
8.468586207897574880e-01 5.391724217886275650e-01
7.976666545605759495e-01 6.032370085466738363e-01
7.440538913943990362e-01 6.630566324469009398e-01
6.856668325279686727e-01 7.198451770146777617e-01
6.214215531021156647e-01 7.745640976925708410e-01
5.497138241756223120e-01 8.274418030444616878e-01
4.679532211389053620e-01 8.781832890394357660e-01
3.720992417415037723e-01 9.257962796394525462e-01
2.582461645335941691e-01 9.677300151358587676e-01
1.386904721078731362e-01 9.975424639464335330e-01
3.778127214891283114e-02 1.008600585503896863e+00
-5.471914078024241179e-02 1.000254424446082480e+00
-1.424657702335148657e-01 9.802578918670499242e-01
-2.279817382819137039e-01 9.552866715225311056e-01
-3.112703842890719996e-01 9.277824851264898642e-01
-3.922882490082595930e-01 8.979765232814073128e-01
-4.710493190070501046e-01 8.649638025003598685e-01
-5.478139384942778412e-01 8.270701131821855956e-01
-6.228025193145658722e-01 7.818526161948440301e-01
-6.947021786759909334e-01 7.265431160730960736e-01
-7.579425287352818952e-01 6.614770189084584473e-01
-8.083888772017088220e-01 5.927682919440058207e-01
-8.511805719949618876e-01 5.220729325559207989e-01
-8.886170639669557225e-01 4.487917019477023484e-01
-9.216842533918676583e-01 3.717782820181448344e-01
-9.505292540106485832e-01 2.895854475068566636e-01
-9.744890637049196114e-01 2.002876565391672192e-01
-9.919440359866864565e-01 1.009967798873352279e-01
-9.999302279857085196e-01 -1.237444833495246477e-02
-9.941952729086938056e-01 -1.404586431194547180e-01
-9.756987412422403194e-01 -2.573600490519650785e-01
-9.441571879190532313e-01 -3.519981678934790414e-01
-8.992039042582332664e-01 -4.334683466599459356e-01
-8.470266850591270380e-01 -5.082204345648527744e-01
-7.918205032972583934e-01 -5.792647540294714181e-01
-7.349550446910323442e-01 -6.472731134973939149e-01
-6.761977207750089480e-01 -7.122154958380304546e-01
-6.143201727833461634e-01 -7.738242607565917197e-01
-5.472452228492161730e-01 -8.316928947574392383e-01
-4.723084380579311015e-01 -8.846086265279162753e-01
-3.884956475199585757e-01 -9.287289758013723695e-01
-3.017678540207983096e-01 -9.585359995891389318e-01
-2.176582358151843699e-01 -9.766663667280619521e-01
-1.340639602442274259e-01 -9.880253589590604069e-01
-4.994679148530817292e-02 -9.935715977959607148e-01
3.632836823387416980e-02 -9.934608341101861528e-01
1.262072133328994428e-01 -9.868398780619720423e-01
2.214962321596321282e-01 -9.718151347363841452e-01
3.247306546239801528e-01 -9.450100004407844256e-01
4.386173549978265584e-01 -9.012329395073096494e-01
5.559958011661367827e-01 -8.390901737169530472e-01
6.462420475146507526e-01 -7.760088047530858679e-01
7.155746171611327977e-01 -7.053260128219736025e-01
7.699236593530460748e-01 -6.293718451626830745e-01
8.172645709441965778e-01 -5.503368907167029978e-01
8.603688717111144246e-01 -4.703236750227580698e-01
8.999179462282771436e-01 -3.896997045969546880e-01
9.355343691214189628e-01 -3.078394466217816983e-01
9.662918758939498254e-01 -2.232904164568450534e-01
9.905433192130356224e-01 -1.339480485033893720e-01
1.005049773758487586e+00 -3.836234776972170801e-02
1.005142145149116262e+00 5.945301299349269042e-02
9.915982499053045407e-01 1.501065544254154283e-01
9.706812705840535127e-01 2.348741719772638459e-01
9.442717938327100935e-01 3.165012202081745607e-01
9.123266317672743542e-01 3.965195327723370355e-01
8.738712468163459812e-01 4.762238862838144016e-01
8.270070084376117681e-01 5.565522158908744466e-01
7.685284914964362057e-01 6.384430186223928327e-01
6.932794427251488534e-01 7.229552078631761303e-01
5.950381155743333927e-01 8.094782499757205985e-01
4.859194838114739845e-01 8.837782474278098599e-01
3.905472042678138078e-01 9.304608749171918713e-01
2.957244431358815318e-01 9.574017769221921936e-01
2.026966213997661859e-01 9.710730371035828368e-01
1.101837805604284071e-01 9.781129876261261957e-01
1.853803258504860274e-02 9.809707121836730437e-01
-7.247445620697694213e-02 9.799758159776557065e-01
-1.635330203231485369e-01 9.742137957917755831e-01
-2.557962887552870379e-01 9.618220148262827118e-01
-3.502755571500281162e-01 9.397232910870605416e-01
-4.449478245675947408e-01 9.039010229193904511e-01
-5.308057006298377845e-01 8.543529360636582526e-01
-6.037795137950004998e-01 7.984445115827020212e-01
-6.697593930621335012e-01 7.391136091184187240e-01
-7.305459377818940281e-01 6.763668071860446940e-01
-7.874485310123312543e-01 6.090130011008679789e-01
-8.408225435635132694e-01 5.352955802663992291e-01
-8.904297900931545939e-01 4.525794038013050136e-01
-9.354441428402768821e-01 3.567990875908852999e-01
-9.740154063844308485e-01 2.418955224509590773e-01
-1.001151252723887941e+00 1.050856263404173763e-01
-1.009549101795503612e+00 -1.810797396225931333e-02
-9.998202420979739324e-01 -1.236537086626289111e-01
-9.750801882992679026e-01 -2.181993527940562227e-01
-9.411280516716691302e-01 -3.068002643049003719e-01
-9.022514483623222947e-01 -3.920141798736831440e-01
-8.599235318755961144e-01 -4.746806863599276616e-01
-8.137971588690681157e-01 -5.551529956425802492e-01
-7.622756184641705790e-01 -6.336727261710949355e-01
-7.025986661528211830e-01 -7.102422840950105565e-01
-6.312108820836800360e-01 -7.832377785148993965e-01
-5.474065871412319151e-01 -8.463288736692777814e-01
-4.596617276962119414e-01 -8.924562955851881307e-01
-3.735463911988706753e-01 -9.268439061603384044e-01
-2.879439595204863478e-01 -9.541303976713786383e-01
-2.017133460930660427e-01 -9.753079171703843420e-01
-1.130523820816904668e-01 -9.904558498168752889e-01
-2.001994456604007377e-02 -9.986101837236175394e-01
7.998272011731032138e-02 -9.978448985339490873e-01
1.907505398215619818e-01 -9.848969793024715536e-01
3.170725515697784824e-01 -9.541886799731408297e-01
4.522400983490284521e-01 -9.012390725622358989e-01
5.526268510249749966e-01 -8.452721805850076375e-01
6.359084539046963025e-01 -7.791959119478664153e-01
7.022818444567724416e-01 -7.078169020759969010e-01
7.604416033442344958e-01 -6.318527982745310023e-01
8.135233283890035416e-01 -5.534257692468679268e-01
8.626997413194891218e-01 -4.728507289475805120e-01
9.078685908807642146e-01 -3.892365278934408201e-01
9.481518412550229424e-01 -3.006477973101548407e-01
9.814609645125589310e-01 -2.044055646271892290e-01
1.003151913870444334e+00 -9.919590743700483493e-02
1.007130714082411282e+00 8.491928158729206144e-03
9.960868244293944462e-01 1.076714444780507013e-01
9.777994604851656391e-01 1.999676051799268439e-01
9.541772236023023934e-01 2.876668790494362749e-01
9.250057542308031122e-01 3.724839882595361584e-01
