-5.669355337542477530e-03 1.000000000000000000e+00
-1.375682435425962941e-02 9.998680842818604697e-01
-2.441803034964946939e-02 9.996450814749586744e-01
-3.746698236043521230e-02 9.992557317144142859e-01
-5.265576325668147595e-02 9.986234157285240887e-01
-6.970360415516907437e-02 9.976493880987739038e-01
-8.820037366681407476e-02 9.962467804348859035e-01
-1.075939225916878739e-01 9.943768788908928791e-01
-1.272650020279947891e-01 9.920617236016430196e-01
-1.466083095012339077e-01 9.893772887763345736e-01
-1.650735294161002065e-01 9.864396549213809706e-01
-1.821683414335480977e-01 9.833930407807970342e-01
-1.974395555739092978e-01 9.804026307151098019e-01
-2.104440617683555892e-01 9.776513366041640340e-01
-2.207152315747741012e-01 9.753383896250432672e-01
-2.277278139004792201e-01 9.736773428240430572e-01
-2.308666940049532712e-01 9.728897856909473063e-01
-2.294172529296223950e-01 9.731870931432150540e-01
-2.226334157876717623e-01 9.747239413510259132e-01
-2.100376571163299344e-01 9.774949638578210864e-01
-1.922570313345457749e-01 9.811569924584485625e-01
-1.723792746637258511e-01 9.849112017907980521e-01
-1.556085559516919015e-01 9.878544705262596315e-01
-1.451962441086932509e-01 9.895403021347303207e-01
-1.414852967853638399e-01 9.898531159916021949e-01
-1.444729943023342622e-01 9.889386052628449386e-01
-1.543162620621198744e-01 9.870600062095024052e-01
-1.713755405661231412e-01 9.842030575878756293e-01
-1.963923865710015537e-01 9.798266753615122449e-01
-2.307587936749098123e-01 9.728093660804646436e-01
-2.766867202103230894e-01 9.613752309389129724e-01
-3.365573809660537541e-01 9.429200213762073401e-01
-4.067490358119237315e-01 9.158719920308417972e-01
-4.663102730776725879e-01 8.874963278496955654e-01
-5.124521169499480777e-01 8.608252392808624087e-01
-5.482069056916639704e-01 8.362978093119638467e-01
-5.757608616024507686e-01 8.157799427380446611e-01
-5.949675866760718579e-01 8.012644333979539457e-01
-6.041196437226180604e-01 7.944389327350674934e-01
-6.007891823457298663e-01 7.970662493127261827e-01
-5.831215234863891261e-01 8.100530421955759453e-01
-5.566613388861236800e-01 8.283930154844659777e-01
-5.422724549309156927e-01 8.389483411188362050e-01
-5.459078995608943607e-01 8.388533738816528196e-01
-5.608319925501260572e-01 8.284091019489938645e-01
-5.866849154325146642e-01 8.072752140638937979e-01
-6.240627586607760957e-01 7.762228692358408288e-01
-6.737404550780302648e-01 7.342949111839294218e-01
-7.349577547725121285e-01 6.779613095500796049e-01
-7.957659680974076277e-01 6.130417024831031902e-01
-8.343407449637515461e-01 5.593644745336094903e-01
-8.596371736625686433e-01 5.088142968958410117e-01
-8.787323119812554539e-01 4.674804256106654399e-01
-8.924557433986849420e-01 4.394420531356019732e-01
-8.984181622974533044e-01 4.284016765718179909e-01
-8.940565004638072466e-01 4.380694905692043006e-01
-8.790102314029082375e-01 4.669306496685537988e-01
-8.675279298908482595e-01 4.886590113611828934e-01
-8.757760867452137887e-01 4.831028575981372586e-01
-8.906828828192967507e-01 4.595323216008539990e-01
-9.094318088928106114e-01 4.147597824736132810e-01
-9.322309820706552452e-01 3.485469387740887104e-01
-9.602792846189061038e-01 2.605398141436803261e-01
-9.890587655873751549e-01 1.628671412534286878e-01
-1.004647142252754088e+00 9.074675530578595051e-02
-9.995169060512821835e-01 3.081665030988169074e-02
-9.923242099758787793e-01 -2.236262065894355222e-02
-9.894532930430397499e-01 -6.183405096705048981e-02
-9.893020357892287064e-01 -8.142757859189828085e-02
-9.906448002036151168e-01 -7.598173155824493319e-02
-9.922878895642688324e-01 -4.642247602689918151e-02
-9.937825755284387386e-01 -2.809100042622638196e-02
-9.993387640851557618e-01 -4.702909058012259835e-02
-9.994534478114153186e-01 -8.526489227160000128e-02
-9.892300496823027700e-01 -1.460211875854806607e-01
-9.679438574860235178e-01 -2.301975697688796729e-01
-9.375317840793213620e-01 -3.361835664932134038e-01
-9.106626973718219276e-01 -4.305937394804255636e-01
-8.801457566003271227e-01 -4.905588341586659684e-01
-8.391706607889483083e-01 -5.346943264433500209e-01
-8.057426511891208065e-01 -5.749285033101680931e-01
-7.856670884623280227e-01 -6.027025631270424011e-01
-7.801329769448279716e-01 -6.124131958054007674e-01
-7.902059894333224310e-01 -6.000243521588892737e-01
-8.049997112395043120e-01 -5.797390209344868151e-01
-8.016588087312588318e-01 -5.932212391427390541e-01
-7.841249911389097660e-01 -6.256457197290042904e-01
-7.453228337354750321e-01 -6.705391786784693497e-01
-6.822128090610675155e-01 -7.272161799667073989e-01
-5.946233105925731177e-01 -7.975299408509393118e-01
-5.065153181357965329e-01 -8.672196999887078483e-01
-4.440682824832843378e-01 -9.080977004851623624e-01
-3.817025474351579128e-01 -9.218196417754384031e-01
-3.243674376901163892e-01 -9.350761302515776530e-01
-2.836070584533356698e-01 -9.476769339476140974e-01
-2.642391248827875017e-01 -9.550640791340514468e-01
-2.701647924038488857e-01 -9.542292536250309709e-01
-2.906276404433251193e-01 -9.479919151453507498e-01
-2.807409589475695633e-01 -9.555601942858131803e-01
-2.451488661901896071e-01 -9.724767531246648611e-01
-1.861210798012505885e-01 -9.860003296745593060e-01
-1.002745596441337456e-01 -9.933496734296729525e-01
1.455485169664820500e-02 -9.950387337750100647e-01
1.345102495843181201e-01 -9.943324117150504904e-01
2.139647033032166523e-01 -9.890715797894156225e-01
2.750812135468332364e-01 -9.603280708539038146e-01
3.318753251425500816e-01 -9.326266006406866982e-01
3.763448534836280612e-01 -9.146071319958178902e-01
4.014733965744334276e-01 -9.057902609333144950e-01
4.023896949557773106e-01 -9.063972881908677337e-01
3.879191979048941530e-01 -9.125729988222370803e-01
4.040782510339305245e-01 -9.103873430325640781e-01
4.459806539456432350e-01 -8.984316286608214908e-01
5.030255862418629986e-01 -8.684769094692148528e-01
5.762743598061066397e-01 -8.158600416724220983e-01
6.675477476266419297e-01 -7.389044405641460589e-01
7.599931201230809563e-01 -6.563715752459983177e-01
8.171093128625487312e-01 -5.975166874743196299e-01
8.450235861125332537e-01 -5.323017667238428841e-01
8.706736492079164558e-01 -4.709717483105592128e-01
8.931647999857214026e-01 -4.250280027600072397e-01
9.072413515042003773e-01 -3.985880644615627522e-01
9.097939013524362073e-01 -3.949268427688394922e-01
9.060380934637838335e-01 -4.036323978718156513e-01
9.203891293091577275e-01 -3.835719332974103501e-01
9.439395974103651499e-01 -3.405547444936682377e-01
9.656425036134872464e-01 -2.732425872730812055e-01
9.827879315003464900e-01 -1.779774390706574672e-01
9.952890016095947701e-01 -5.230112469958914101e-02
1.003949911081811752e+00 7.138804892613367925e-02
9.999437496966059324e-01 1.538437042536408006e-01
9.720880807413923019e-01 2.223342278270978301e-01
9.472949488994167888e-01 2.864498480500871080e-01
9.306137587411175138e-01 3.361325391630209936e-01
9.213703374966147885e-01 3.656615649222355602e-01
9.197987847819207863e-01 3.713759204985334628e-01
9.208186590310184494e-01 3.701718564640905651e-01
9.129910403526720897e-01 4.057151147761791643e-01
8.934412642582967301e-01 4.581769582352998582e-01
8.535953237411801897e-01 5.269335670153955098e-01
7.891472369382936947e-01 6.115262717140003135e-01
6.991331167166988658e-01 7.124452942315848691e-01
6.189798750859757392e-01 7.982665124039991511e-01
5.509367111100319514e-01 8.457073897686703257e-01
4.788435862514301422e-01 8.719238133144082692e-01
4.145158097729711999e-01 8.984392322977763357e-01
3.671761814547367386e-01 9.194792735135774997e-01
3.401403144073892881e-01 9.316419832517986999e-01
3.345663130444416211e-01 9.340365411547549845e-01
3.247179025703305633e-01 9.392479008203935553e-01
2.810961672688350177e-01 9.613267213267444600e-01
2.186365792516244966e-01 9.804130144089880927e-01
1.290379821048165399e-01 9.938402700129977951e-01
9.843152180656358774e-03 9.979224876126066013e-01
-1.333145874019316390e-01 9.923516048384201094e-01
-2.367243884700348244e-01 9.858313540170327016e-01
-3.145473336566226852e-01 9.540081682686095688e-01
-3.836108452481296061e-01 9.149664026059863842e-01
-4.448056710812240966e-01 8.839615615917439939e-01
-4.893794333918816686e-01 8.618951182156872060e-01
-5.132525584071917502e-01 8.495940058646931359e-01
-5.201447108701382493e-01 8.457165267378218276e-01
-5.472490733013471997e-01 8.331659422943753501e-01
-5.988876064403145794e-01 8.053242714940369584e-01
-6.595521047960607453e-01 7.573476183265788197e-01
-7.313220088504146510e-01 6.830423173258853842e-01
-8.142332629833504143e-01 5.778307840434352416e-01
-8.947413714981958810e-01 4.611940093078656933e-01
-9.399464314987638902e-01 3.799793016721061401e-01
-9.540598927596848355e-01 2.957897384669304630e-01
-9.665305315992440693e-01 2.163674309608202284e-01
-9.783636608653000222e-01 1.518403898247377426e-01
-9.863486715849184572e-01 1.067133976840032167e-01
-9.895184285262208501e-01 8.397841904570568783e-02
-9.917598596037032754e-01 6.808759848807023618e-02
-1.000669134256602311e+00 1.800048698833974642e-02
-1.003284418998207084e+00 -5.021388699287069463e-02
-9.932786294927575810e-01 -1.416551580347924777e-01
-9.656859292141762863e-01 -2.577651054023291644e-01
-9.180871969641055674e-01 -3.990060988652461837e-01
-8.741441539023409035e-01 -5.124434330754561451e-01
-8.197341697165718699e-01 -5.865600742585787009e-01
-7.557843333791421925e-01 -6.455878255284035472e-01
-6.997627356098174989e-01 -7.004870800817021292e-01
-6.562643325976156294e-01 -7.430362583559134704e-01
-6.271510269349451772e-01 -7.699950200110130538e-01
-6.116095529826302002e-01 -7.830459742947702972e-01
-5.849521557228153368e-01 -8.075954273842709252e-01
-5.344010844307237607e-01 -8.499031758744882703e-01
-4.626780868478793107e-01 -8.917642066710829152e-01
-3.620483355448721463e-01 -9.339270987326480089e-01
-2.274870154692096025e-01 -9.734855905832912049e-01
-7.931162031565494597e-02 -1.004482613827098803e+00
1.864070743218881887e-02 -1.014720264332701571e+00
1.088693026615331627e-01 -9.933160086470239625e-01
1.937320827319832517e-01 -9.717501882804607805e-01
2.650281912154560104e-01 -9.545646837822788777e-01
3.178108641668108136e-01 -9.406797509792051981e-01
3.495856385148600198e-01 -9.305966387208116641e-01
3.766747401660859307e-01 -9.215913650444635952e-01
4.351960730694217627e-01 -9.029025476293682795e-01
5.043434603485442702e-01 -8.690716568908388728e-01
5.883333821525753571e-01 -8.127196847205785390e-01
6.858999197519858315e-01 -7.280938574708598621e-01
7.947355048406935518e-01 -6.126937487439376717e-01
8.722160586159420914e-01 -5.200556836166125851e-01
9.100455068051279683e-01 -4.291354047423509011e-01
9.339409515621763802e-01 -3.385080309533951559e-01
9.566959471438947205e-01 -2.578232354183062069e-01
9.735662302319115780e-01 -1.934048336970943527e-01
9.832611719594622768e-01 -1.480295394287458322e-01
9.882314133746153972e-01 -1.172877454894521859e-01
9.979206893241472365e-01 -6.484914141810407817e-02
1.004793250837790808e+00 1.066319634638417113e-02
9.988584902807011723e-01 1.057899179274441187e-01
9.758754519306862552e-01 2.253128595343299456e-01
9.299764885827918048e-01 3.726734254727173123e-01
8.742678456882843063e-01 5.103270926385535811e-01
8.191859989037745260e-01 5.949738675890380302e-01
7.458182987830136446e-01 6.609360210511266986e-01
6.780145947002345075e-01 7.226868023079567882e-01
6.211079658922461499e-01 7.733200287222521396e-01
5.765979645884677929e-01 8.098466557319770054e-01
5.447727803344609709e-01 8.328753764122084347e-01
5.056661826063204579e-01 8.609992045639608405e-01
4.412785311926630261e-01 9.025976875207296635e-01
3.570387656426448064e-01 9.394199806051828361e-01
2.440006469865602101e-01 9.725586211020660343e-01
9.667160979355535200e-02 9.969548514307781106e-01
-6.796850614627819587e-02 1.007278243077855961e+00
-1.738941254440015127e-01 1.001301995919515297e+00
-2.703161607927815901e-01 9.624420406598462874e-01
-3.605837539102882960e-01 9.237920920498045030e-01
-4.382774430704956536e-01 8.898456664803494620e-01
-4.992172768990764675e-01 8.602189782378150129e-01
-5.419995232387153639e-01 8.357696809608295974e-01
-5.821424319854942020e-01 8.109221118407387019e-01
-6.454787154347494393e-01 7.692228170102041185e-01
-7.120990070192598775e-01 7.092099142111162324e-01
-7.866145824288519606e-01 6.229543095766677530e-01
-8.659620266317803461e-01 5.039023121540533445e-01
-9.442796204609050781e-01 3.511206495701568175e-01
-9.889699719716797954e-01 2.399478488802626874e-01
-9.951119898562929000e-01 1.310293221282792520e-01
-9.928530956963474985e-01 2.747231238302096090e-02
-9.901992703533435414e-01 -6.491478788467558436e-02
-9.847682027034843077e-01 -1.411347043186895467e-01
-9.766263892109420253e-01 -1.991664775287257105e-01
-9.669038068780058115e-01 -2.480637973123585305e-01
-9.508551058818749402e-01 -3.206773476183253369e-01
-9.201112967538636056e-01 -4.048744780249710629e-01
-8.684996219023137787e-01 -5.039066705938791690e-01
-7.892013864377042109e-01 -6.181031860542239853e-01
-6.744684812424455167e-01 -7.467681171731876955e-01
-5.727207991321527913e-01 -8.407363194554151598e-01
-4.723810683224685669e-01 -8.900099874024114399e-01
-3.697444568007844934e-01 -9.235399331167448711e-01
-2.759341478156974725e-01 -9.532819062420031520e-01
-1.957476468358713972e-01 -9.750896536680837556e-01
-1.309370836226770307e-01 -9.881324917155923648e-01
-7.655996477331999950e-02 -9.952910283923503965e-01
-1.994993290060600999e-03 -1.003101190124072062e+00
9.004885060863884738e-02 -1.001624263348448229e+00
2.009475040135473289e-01 -9.844031183774835103e-01
3.345835282210766759e-01 -9.455973172781481084e-01
4.940908874066839429e-01 -8.764396480203494599e-01
6.250351175801661663e-01 -8.024476950773555828e-01
7.056035736346893961e-01 -7.223206682451004390e-01
7.701853728862453341e-01 -6.309346810144730311e-01
8.286996394386971776e-01 -5.461319098912309489e-01
8.757532877511348124e-01 -4.713448078290650711e-01
9.099421750810572362e-01 -4.076885433874430920e-01
9.345994643165036475e-01 -3.521656956051760767e-01
9.635910040476497462e-01 -2.796578446554482955e-01
9.883162329487943376e-01 -1.875083760612150097e-01
1.002274072422105977e+00 -7.368619972194505319e-02
1.001236520218639736e+00 6.783948274026956049e-02
9.769099865259653903e-01 2.430214502563653456e-01
9.382211303249538004e-01 3.941421923752616019e-01
8.807747066767324107e-01 4.950941895647354984e-01
8.068473724620721654e-01 5.838802248293231134e-01
7.372987767141502280e-01 6.648145073641298364e-01
6.737709247632711618e-01 7.321376691526545466e-01
6.167213361535239802e-01 7.843420762601606144e-01
5.640469698892596195e-01 8.252519111885772141e-01
4.961234171871968246e-01 8.728681529069679534e-01
4.084877050799645692e-01 9.194674821787508501e-01
2.972030729318264619e-01 9.601586077063545277e-01
1.552363819866717787e-01 9.919334053388594308e-01
-2.551692401638094854e-02 1.007444142369833928e+00
-1.820373393418437680e-01 1.002218101088201196e+00
-2.959652245931934100e-01 9.654929080048613166e-01
-4.017329957050220779e-01 9.113593011212298700e-01
-4.982861453828717480e-01 8.592541437026505191e-01
-5.802610871880280463e-01 8.092351598831956094e-01
-6.463826942449758528e-01 7.612741698003480106e-01
-7.013051389426656623e-01 7.137555928248124903e-01
-7.648782208665927396e-01 6.516874657550902894e-01
-8.289650728314960082e-01 5.703356111176711707e-01
-8.916464220873118185e-01 4.640766267371191356e-01
-9.504884121591816726e-01 3.252091361052301677e-01
-9.989646546827961604e-01 1.442686647107504216e-01
-1.019759257025025789e+00 -6.870028938585404088e-03
-9.999994954824366067e-01 -1.297013156030978887e-01
-9.648924687593253280e-01 -2.462974492052688591e-01
-9.293179723147857452e-01 -3.528318458689226889e-01
-8.921970552539165711e-01 -4.447691359836048464e-01
-8.532275527866880482e-01 -5.212469666966247361e-01
-8.112278828245054196e-01 -5.879237630164889650e-01
-7.549333059836283999e-01 -6.644204051148802082e-01
-6.795502843322461795e-01 -7.420501804809653823e-01
-5.786678539390114340e-01 -8.219983497662817218e-01
-4.437192910821488034e-01 -9.021281085310008940e-01
-2.647630738746884482e-01 -9.760116375169926028e-01
-1.238194666748042849e-01 -1.013145366836856187e+00
5.693877311150508103e-03 -1.006526249012691610e+00
1.287893702342937929e-01 -9.873805215634832155e-01
2.415791578565679720e-01 -9.653188352639072711e-01
3.405250222654551129e-01 -9.385248541209206818e-01
4.251953229133045298e-01 -9.065504917241579141e-01
5.017304616336721867e-01 -8.687452007812581645e-01
5.876400426223543638e-01 -8.167878853721397547e-01
6.752447317031218255e-01 -7.457935556933426025e-01
7.675002312519557668e-01 -6.493625433985175111e-01
8.628004354348073335e-01 -5.178844516716220037e-01
9.540904037279126504e-01 -3.411694758670448802e-01
9.995694471122886782e-01 -2.078712177573608377e-01
1.002570196940109293e+00 -7.336362148467603927e-02
9.945300714561606803e-01 5.380416955095287945e-02
9.814985872651447174e-01 1.709895120982547201e-01
9.612287314230085755e-01 2.755270373384775540e-01
9.331315560855113489e-01 3.673128094597075122e-01
8.970306724941634613e-01 4.518826404983766754e-01
8.468121254040581469e-01 5.438961076505548498e-01
7.777190085366767480e-01 6.380539734309012001e-01
6.835666197378602593e-01 7.375223490841804619e-01
5.538424514402300325e-01 8.413817841205712966e-01
3.773813340222225143e-01 9.420314660302298027e-01
2.458532572953269768e-01 9.908571353022815886e-01
1.072207083503100289e-01 9.992303997018050499e-01
-2.313948238950533365e-02 9.963161332585467322e-01
-1.441403625176082282e-01 9.869487566689788549e-01
-2.536087969244354423e-01 9.686240315315406413e-01
-3.516609769782528816e-01 9.405582896436295304e-01
-4.423829607381750684e-01 9.028049868680610990e-01
-5.377709440847495692e-01 8.508463423612595555e-01
-6.350946193647822868e-01 7.802135774488649922e-01
-7.368997400095346206e-01 6.848278068222072301e-01
-8.426892787459689949e-01 5.535591613534474043e-01
-9.447197303248934253e-01 3.735812789126167210e-01
-9.927294662905388201e-01 2.384233928099528665e-01
-1.000904777996842077e+00 9.575968169167528576e-02
-9.966685148554463858e-01 -3.772543602621236669e-02
-9.851036420286459760e-01 -1.623528727427160923e-01
-9.635669951344716377e-01 -2.761128876462010662e-01
-9.309940890752661513e-01 -3.792630191833236131e-01
-8.874459848447239230e-01 -4.741348632188957524e-01
-8.296047365994871914e-01 -5.702481060655264500e-01
-7.532397091294655844e-01 -6.671846247426993504e-01
-6.523058349102834885e-01 -7.664862845601703167e-01
-5.152833592448836653e-01 -8.675861024906749153e-01
-3.276482757411888769e-01 -9.624750384286593352e-01
-1.846139606863200222e-01 -1.004383398545500405e+00
-3.804664648946282091e-02 -1.005681095291244054e+00
9.827137960788945303e-02 -9.933936828866009039e-01
2.257868298841314292e-01 -9.733518627385449040e-01
3.424942277907249699e-01 -9.429371238200560112e-01
4.487040027379962659e-01 -9.007038566975268390e-01
5.450650045064555638e-01 -8.466424625653515834e-01
6.386490222397651628e-01 -7.784615662103422373e-01
7.310082286112192795e-01 -6.919315653853660431e-01
8.224631032687318433e-01 -5.810659922854487514e-01
9.117927908135481374e-01 -4.340680407416483977e-01
9.898861773357330307e-01 -2.353312808096817976e-01
1.018246197807302300e+00 -8.253119335149264324e-02
1.005149063199276771e+00 6.685902949093869285e-02
9.779183972134122271e-01 2.044589855088965180e-01
9.429156849028398346e-01 3.327423957324037174e-01
8.976698623692909162e-01 4.496733708816495478e-01
8.402615078201339793e-01 5.554480083031682058e-01
7.707762060060100451e-01 6.491338095917765783e-01
6.880927264936854693e-01 7.355010332992996114e-01
5.875689444856639909e-01 8.177075945417396907e-01
4.634127068748676304e-01 8.946875712136019843e-01
3.036660893511139436e-01 9.639227808848347401e-01
9.258470088913806073e-02 1.014094498111959952e+00
-6.858858471918866107e-02 1.019703327972774076e+00
-2.177560876381245958e-01 9.844226378015488166e-01
-3.528381642043985078e-01 9.355013575988414543e-01
-4.775825542805526291e-01 8.792843852860628973e-01
-5.898683901084712522e-01 8.134785441155646390e-01
-6.895091762845497740e-01 7.356635229774706186e-01
-7.740297448411712633e-01 6.464979309235322491e-01
-8.463991492121248905e-01 5.464785771977145323e-01
-9.109430514381818833e-01 4.299551312625550237e-01
-9.650718354164551371e-01 2.916309654578782551e-01
-1.004321337552927851e+00 1.197245749212935972e-01
-1.014245888421827058e+00 -1.004917631315671023e-01
-9.873882915192089271e-01 -2.653972107959292615e-01
-9.228725705672491397e-01 -4.080123690371936229e-01
-8.464306075857938039e-01 -5.336379352028131073e-01
-7.638383379093320880e-01 -6.474905254905297669e-01
-6.730376788321678072e-01 -7.473034053539050481e-01
-5.712027102934931211e-01 -8.321610306972836435e-01
-4.602544052152449661e-01 -8.982701357231558381e-01
-3.428168158192738679e-01 -9.477110240574123656e-01
-2.115685604438030387e-01 -9.852852286711156760e-01
-6.218628177841262206e-02 -1.006875520578133454e+00
1.162396451990196644e-01 -1.005544680667137092e+00
3.358897098329215458e-01 -9.632208376471622646e-01
4.956516631123158989e-01 -8.947854466607816359e-01
6.211082136544330279e-01 -7.963795906018182880e-01
7.266518263488426221e-01 -6.891013499939137033e-01
8.187076562143213998e-01 -5.777851587886609908e-01
8.949341447344140166e-01 -4.606909930601417180e-01
9.532992896853941245e-01 -3.348676910060674472e-01
9.893078355969999738e-01 -2.042012884173889931e-01
1.005483099140657588e+00 -7.370789534512392494e-02
1.006049419231364261e+00 6.610610829004961997e-02
9.856049296217161970e-01 2.180217590104686354e-01
9.345124006047019760e-01 3.910312744794153250e-01
8.312621424880920484e-01 5.927719028277605995e-01
7.149120419168571994e-01 7.323422284787964864e-01
5.829086890824547451e-01 8.259412966484421803e-01
4.464319687826376892e-01 8.974067784702388639e-01
3.093762109307866548e-01 9.537968464446472394e-01
1.702573686767189232e-01 9.928642320706414504e-01
2.656092017652977866e-02 1.011128003737888470e+00
-1.153211162423461722e-01 1.004456357436235736e+00
-2.483294769196326968e-01 9.775593640507527216e-01
-3.842186636239889319e-01 9.326900222413854191e-01
-5.237023622161334213e-01 8.637012617516818258e-01
-6.725602805473576140e-01 7.585538613061003632e-01
-8.317034369699810581e-01 5.935791538506077769e-01
-9.295672794332821010e-01 4.297563315239842918e-01
-9.745219779132806570e-01 2.725987986659887397e-01
-9.964623484367278738e-01 1.163192410253274800e-01
-1.002696172631685423e+00 -3.547686350756265594e-02
-9.911422381745323973e-01 -1.843317059279999393e-01
-9.568033164609694996e-01 -3.314229942459407940e-01
-8.974206283759296188e-01 -4.677624784565443394e-01
-8.217572571727489450e-01 -5.856380558891721710e-01
-7.285380258078579807e-01 -6.984605368367216016e-01
-6.117052773050268843e-01 -8.045744833207020275e-01
-4.579087495166024313e-01 -9.052518318816340503e-01
-2.440224766842860049e-01 -9.930013616348173366e-01
-4.439381141545439835e-02 -1.024000495847289027e+00
1.183976971929779076e-01 -1.006082788241585479e+00
2.752244847308560893e-01 -9.657516093938655066e-01
4.210090044027275380e-01 -9.112962043408384671e-01
5.579827456505426220e-01 -8.405323405207955068e-01
6.848280775286382793e-01 -7.474252619913985818e-01
7.907664408584315074e-01 -6.332589636486869455e-01
8.700496209246738610e-01 -5.122165395710220892e-01
9.362855733803389091e-01 -3.782658566502512532e-01
9.856272859886059390e-01 -2.264253076603572334e-01
1.014094219428937071e+00 -4.410221368317074342e-02
1.005765594322770129e+00 1.872365259317756159e-01
9.463568194738140038e-01 3.970493682329259144e-01
8.624301767090106763e-01 5.341327190266532687e-01
7.559286485833089930e-01 6.627522990721347318e-01
6.408883427314499004e-01 7.730900870625462273e-01
5.137193232053247627e-01 8.690744127412046716e-01
3.686549421027874862e-01 9.456559895566704066e-01
2.114193487293477836e-01 9.921677771349067809e-01
6.212999141788633217e-02 1.008387542465536857e+00
-8.971840023591073909e-02 1.006327519060803422e+00
-2.476729742990878003e-01 9.809790499193488111e-01
-4.205644791132753246e-01 9.240079166555187351e-01
-6.179274226435226280e-01 8.147668564915172551e-01
-7.997732641838585232e-01 6.475300855457524207e-01
-8.740623731156783593e-01 5.211763411517493783e-01
-9.406725105704464296e-01 3.589082948486515545e-01
-9.840389200194115116e-01 2.004554012804964647e-01
-1.009698329151409002e+00 3.630596446850992143e-02
-1.007512326120918456e+00 -1.361945880194171399e-01
-9.686902366905890682e-01 -3.096763511154277948e-01
-9.016264137792672217e-01 -4.596348670712705475e-01
-8.209219428847197575e-01 -5.900729335027965483e-01
-7.224138847273058328e-01 -7.084722648421794000e-01
-5.991357349120732811e-01 -8.173245427928094164e-01
-4.396061777524312708e-01 -9.174885237755669998e-01
-2.205059302425700918e-01 -1.001930674146997768e+00
2.162097456064590584e-02 -1.028084516958901240e+00
1.761125175783139762e-01 -1.002170052251435406e+00
3.430586887191610090e-01 -9.489660349926068994e-01
4.937147922408077205e-01 -8.771060972011861523e-01
6.379330970029193359e-01 -7.855005707390653180e-01
7.709884515837513996e-01 -6.646373616075675894e-01
8.796862355146384260e-01 -5.127215037108554530e-01
9.503938405539610335e-01 -3.526114478022250309e-01
9.932140555835040630e-01 -1.972399207761712792e-01
1.011906880982333057e+00 -4.110141563588887159e-02
1.005849814583372082e+00 1.222966940329563712e-01
9.709692938168451581e-01 2.996795278682469199e-01
8.925577790834761105e-01 4.996370511125769465e-01
7.393477076124874703e-01 7.208538961907424714e-01
6.218213510090049301e-01 8.116876391459513229e-01
4.563161925706193944e-01 9.044595714403080855e-01
2.949921588032086150e-01 9.630043034474380370e-01
1.230591795401572153e-01 1.004808540564934072e+00
