1.372085131369494594e-03 1.500000000000000000e+00
4.088620279527083179e-03 1.499973366512145745e+00
8.154718189218580077e-03 1.499860421384954234e+00
1.357192749313290356e-02 1.499570053228796329e+00
2.032954224033198601e-02 1.498981380471081648e+00
2.840648481915195034e-02 1.497945600414521516e+00
3.776777372445067060e-02 1.496288481836016926e+00
4.835952912734340498e-02 1.493814696916231810e+00
6.010457265581967135e-02 1.490314299795020059e+00
7.289933556226808886e-02 1.485571219219029127e+00
8.661271207323856247e-02 1.479373278825603766e+00
1.010874016421582228e-01 1.471522772488756958e+00
1.161438614738796726e-01 1.461846246256377269e+00
1.315864075419721224e-01 1.450202110120788923e+00
1.472105018452115055e-01 1.436485087633217583e+00
1.628100408868803639e-01 1.420627184148914868e+00
1.781835816739832656e-01 1.402595561959633086e+00
1.931388182139045506e-01 1.382388208894152593e+00
2.074950768157131087e-01 1.360028463103727381e+00
2.210839731152254850e-01 1.335559350284333258e+00
2.337485897878986418e-01 1.309038426957617185e+00
2.453415961093398379e-01 1.280533532943605168e+00
2.557226876474569810e-01 1.250119619996917120e+00
2.647556319064134911e-01 1.217876671336100669e+00
2.723051045370156742e-01 1.183888653925144085e+00
2.782334132391915404e-01 1.148243432448763590e+00
2.823971409216272099e-01 1.111033601910077717e+00
2.846436970959164148e-01 1.072358250294538351e+00
2.848077455566987437e-01 1.032325737296788448e+00
2.827074777535750760e-01 9.910576685340928282e-01
2.781407304625338472e-01 9.486943604790759599e-01
2.708810173665395227e-01 9.054022351394656054e-01
2.606736847586251793e-01 8.613837593760129696e-01
2.472326617976913776e-01 8.168907456672866996e-01
2.302387395040668694e-01 7.722420241867390400e-01
2.093411097220391759e-01 7.278465740647863669e-01
1.841651966432189258e-01 6.842329015182795349e-01
1.543317562324395542e-01 6.420842007624497638e-01
1.194946245233438897e-01 6.022755502834190589e-01
7.940612579544795158e-02 5.659025009820278784e-01
3.401635098094385468e-02 5.342789182051266295e-01
-1.640159986398900122e-02 5.088694396009093568e-01
-7.113909375604986207e-02 4.911235671354952093e-01
-1.290249600962102561e-01 4.822195915700136504e-01
-1.885480255072129463e-01 4.828076538380547955e-01
-2.481071180647223817e-01 4.928890637801628394e-01
-3.062690816936381455e-01 5.118974806544249745e-01
-3.619199141121774987e-01 5.389126155983975375e-01
-4.142863841248811130e-01 5.728832112552101341e-01
-4.628758650342570946e-01 6.127840797945504070e-01
-5.073897321660438831e-01 6.576967056603127970e-01
-5.476427265613861284e-01 7.068344179736191224e-01
-5.834988132272725947e-01 7.595362480325046350e-01
-6.148223813506876745e-01 8.152459031626562158e-01
-6.414395895182704033e-01 8.734840722082274356e-01
-6.631040651968397315e-01 9.338163009659913305e-01
-6.794615003741587556e-01 9.958142970046047759e-01
-6.900080554436341940e-01 1.059004128656860999e+00
-6.940382790766694843e-01 1.122788344100121627e+00
-6.905819553503457220e-01 1.186317887940099958e+00
-6.783442566886961345e-01 1.248271415833194453e+00
-6.557142989797675181e-01 1.306481501611015394e+00
-6.210463239043609862e-01 1.357394216608827753e+00
-5.736376371423899112e-01 1.395718948559785622e+00
-5.154825983568257497e-01 1.415599336227247429e+00
-4.517065803378753630e-01 1.414162791553792431e+00
-3.876801311650043269e-01 1.393249363096851434e+00
-3.267615817390391308e-01 1.356602031579920542e+00
-2.706469628801432270e-01 1.307544074907780018e+00
-2.202044251613656523e-01 1.248521623871387654e+00
-1.760222234623708693e-01 1.181248061679165628e+00
-1.386943926274233074e-01 1.106949037579642470e+00
-1.089767814024968917e-01 1.026572252860887380e+00
-8.789865599007525010e-02 9.409666368557533245e-01
-7.686607478861805232e-02 8.510719994595038473e-01
-7.775953554120726419e-02 7.581720755830055891e-01
-9.298191420213212932e-02 6.642758884694816013e-01
-1.253101225571581767e-01 5.726772300187158438e-01
-1.772185817901486826e-01 4.885744901641400628e-01
-2.492892640075301536e-01 4.190678004029442238e-01
-3.382815328037419023e-01 3.712134649224735350e-01
-4.373624076339790445e-01 3.484950438907968295e-01
-5.392853758540491205e-01 3.496527832141690384e-01
-6.388468121381229992e-01 3.709570705096260634e-01
-7.330003596634697693e-01 4.084569966672928487e-01
-8.200634031431518478e-01 4.588989549605481111e-01
-8.989745200364743782e-01 5.198558005736806376e-01
-9.687849654170554992e-01 5.895686769902321878e-01
-1.028291204138308101e+00 6.667228085903765811e-01
-1.075677377078766872e+00 7.501807734360733670e-01
-1.108048799754762115e+00 8.385611402225249256e-01
-1.120794436738236310e+00 9.293470873363228746e-01
-1.107170377783597504e+00 1.016853244605973705e+00
-1.060605330818038095e+00 1.088965007061120760e+00
-9.839273689938712320e-01 1.129761629414834712e+00
-8.918787904766721786e-01 1.135779979719610644e+00
-7.960429983119741149e-01 1.114343668989850489e+00
-7.020692635685403804e-01 1.071451453340321658e+00
-6.129366209600608517e-01 1.011061397943809448e+00
-5.308385982463956765e-01 9.354775359305443905e-01
-4.581413402834627613e-01 8.460191386370337074e-01
-3.980143436574887228e-01 7.435794617726956268e-01
-3.550469658543966567e-01 6.292915263263303416e-01
-3.358352421276152300e-01 5.057094057933947395e-01
-3.488050457228231149e-01 3.789762037522732552e-01
-4.010170757208755821e-01 2.612293576860432176e-01
-4.907330030958174660e-01 1.680253989041912699e-01
-6.053172168487054305e-01 1.079291140503186724e-01
-7.309443658153960133e-01 7.948930708215143359e-02
-8.584876197968110967e-01 7.774503534088540724e-02
-9.826737364848622258e-01 9.802623489605165330e-02
-1.100169808020144080e+00 1.370288793200158117e-01
-1.208096158410540077e+00 1.927937875839145498e-01
-1.302818753616390213e+00 2.643911095269619871e-01
-1.378448011214629121e+00 3.513477539865950683e-01
-1.424420151961283354e+00 4.518837161679201686e-01
-1.423491973643006059e+00 5.569955199256209077e-01
-1.363365775427591853e+00 6.419378483931958979e-01
-1.262654344140506923e+00 6.889074493229676577e-01
-1.144546660284909478e+00 7.038792154756703390e-01
-1.019646133901461527e+00 6.917731878408439616e-01
-8.937548309195818552e-01 6.559447884124121053e-01
-7.712139216274862541e-01 5.974834150885701689e-01
-6.569671062696662567e-01 5.159686830495149312e-01
-5.583365454082450663e-01 4.102540486538833187e-01
-4.871002481834108000e-01 2.803495148079940824e-01
-4.602987701330497061e-01 1.322859094847686767e-01
-4.924246470606343795e-01 -1.543959140841183464e-02
-5.779810344315263748e-01 -1.396870872107880968e-01
-6.964553659509064021e-01 -2.314378236032009206e-01
-8.314480143112230603e-01 -2.918120676483707543e-01
-9.730167907977969044e-01 -3.241162189398610893e-01
-1.114961509584055710e+00 -3.306848799818934426e-01
-1.252180491539893747e+00 -3.119041668720059501e-01
-1.378092983960219620e+00 -2.659569622652309673e-01
-1.480510184603104795e+00 -1.892149938557280697e-01
-1.534320868633606283e+00 -8.155830758154776483e-02
-1.508029831258228537e+00 3.358270124275967994e-02
-1.417720901761479801e+00 1.232898284831277919e-01
-1.296202678255210738e+00 1.858847529015355549e-01
-1.156520827833792620e+00 2.213009366848544546e-01
-1.006427097462494702e+00 2.300706415781959280e-01
-8.516763841465878615e-01 2.099420885653658919e-01
-6.995864924438749410e-01 1.561487937940530535e-01
-5.630314108624236979e-01 6.214220539577855473e-02
-4.652468930157594995e-01 -7.513998814739275556e-02
-4.345144443059493211e-01 -2.412849344896371706e-01
-4.742039052470751748e-01 -4.045274087522739981e-01
-5.618403017878401684e-01 -5.457986972452526508e-01
-6.786590038727429164e-01 -6.598592278319435067e-01
-8.129221578688027305e-01 -7.460003285750776980e-01
-9.572684544031160314e-01 -8.030246671254381852e-01
-1.105351766270523228e+00 -8.267776948959530969e-01
-1.247052675044423742e+00 -8.080462937197445683e-01
-1.357333128360414420e+00 -7.328978594965982474e-01
-1.386839454886849898e+00 -6.071593596827040695e-01
-1.333680527694557583e+00 -4.777721171820037416e-01
-1.236907129073174350e+00 -3.623376147094376498e-01
-1.109098016030366729e+00 -2.677461328333958779e-01
-9.586221487494750448e-01 -1.974800363311927653e-01
-7.906068555280937327e-01 -1.582225403995851098e-01
-6.123043995513302029e-01 -1.612280693285423616e-01
-4.403466096899579796e-01 -2.225594158860087490e-01
-3.094464714345897538e-01 -3.517379659580730511e-01
-2.527310628018056282e-01 -5.254034880862454848e-01
-2.621005247670331051e-01 -7.058412591333123043e-01
-3.180047165856111357e-01 -8.740860202906003407e-01
-4.069560638115868878e-01 -1.022251140012753856e+00
-5.209650658276285817e-01 -1.145156190564163845e+00
-6.550990983280827740e-01 -1.234784022628018452e+00
-8.023930552192445331e-01 -1.274710120712895023e+00
-9.379087636959411167e-01 -1.234988040467160264e+00
-9.995200860224802142e-01 -1.108990072362665114e+00
-9.879714669994510423e-01 -9.553860355839174368e-01
-9.305247619777748946e-01 -8.006799439090643844e-01
-8.348145365870822676e-01 -6.557121980084931190e-01
-7.054952511175174301e-01 -5.286313689905594027e-01
-5.439798181758690454e-01 -4.319656469467207938e-01
-3.553836170200314060e-01 -3.872859795079258149e-01
-1.625928090993156439e-01 -4.244958495352854078e-01
-1.328822744176466619e-02 -5.501531748999223259e-01
7.147486427584312518e-02 -7.232454538066260818e-01
1.022666904705051838e-01 -9.097622939519542928e-01
8.927922628489261270e-02 -1.093213331786589748e+00
3.870071338853522946e-02 -1.263847447028674464e+00
-4.837097053499703203e-02 -1.410632168134835496e+00
-1.728979281176398486e-01 -1.511737992211401815e+00
-3.201940005189460314e-01 -1.520235062272158766e+00
-4.226463437114466593e-01 -1.410190830858443878e+00
-4.715650746376814362e-01 -1.252121432520515665e+00
-4.762009928165191197e-01 -1.075417278892317530e+00
-4.394613940723242074e-01 -8.932592307369182638e-01
-3.596508220356414154e-01 -7.165091401195872178e-01
-2.308190334484172546e-01 -5.620832590630578940e-01
-5.055836545186037645e-02 -4.625075621737918530e-01
1.557107400192740965e-01 -4.619871372309045654e-01
3.347281329750872447e-01 -5.588120530841999001e-01
4.685624287600499427e-01 -7.075498487865438113e-01
5.572895229549010843e-01 -8.808853179257717381e-01
6.033083570679222962e-01 -1.063549145872877633e+00
6.040279756811415268e-01 -1.244302817409048911e+00
5.492665312526127108e-01 -1.405541521197995802e+00
4.264810331880600769e-01 -1.501523825297985670e+00
2.770102072138836968e-01 -1.462251373460720982e+00
1.557172294830619919e-01 -1.341404535770153617e+00
6.626054855448548775e-02 -1.181041841080382460e+00
1.412405880017332527e-02 -9.946660406722093173e-01
5.822795151965891661e-03 -7.925194050348646213e-01
5.606328122731198821e-02 -5.885682392692288545e-01
1.833981055653542414e-01 -4.153660711045413789e-01
3.803834296379705604e-01 -3.302022320997183291e-01
5.907881262175073145e-01 -3.483325587579104154e-01
7.802962933216304187e-01 -4.316531436475168348e-01
9.376065472566469383e-01 -5.564017743367153379e-01
1.057528635576067799e+00 -7.083207033137215447e-01
1.129713735494141780e+00 -8.781947682386022080e-01
1.130209853659661423e+00 -1.049820268817823532e+00
1.024127532201034363e+00 -1.165503178920770155e+00
8.580958100345114081e-01 -1.153278361370218885e+00
6.918119076710582682e-01 -1.078738663937806264e+00
5.427806762330895651e-01 -9.542216524969161506e-01
4.199016713589472927e-01 -7.913065356886050949e-01
3.389210554499308969e-01 -5.942999704638401992e-01
3.276292569217475470e-01 -3.745013148816425108e-01
4.206009322363544189e-01 -1.724618383319501957e-01
6.033228707572741989e-01 -5.139107537988639451e-02
8.145284964961940766e-01 -1.047257112761606351e-02
1.022779825551963562e+00 -2.918188224130462832e-02
1.213611086671528616e+00 -9.436956719813305305e-02
1.374634554497015992e+00 -2.004356926549772933e-01
1.481984955205888799e+00 -3.455595491865760538e-01
1.481192133476767481e+00 -5.091848626630495200e-01
1.342790517487229218e+00 -6.000655921335358300e-01
1.160361859982121269e+00 -6.228968979026647812e-01
9.656679269802451726e-01 -5.923063437415586607e-01
7.737522146364064213e-01 -5.127017253001433517e-01
6.001233107272810896e-01 -3.818732624398492037e-01
4.736243581192751684e-01 -1.953841547049932625e-01
4.455793336727910114e-01 3.143525434430971544e-02
5.425909003801582253e-01 2.347587213343680645e-01
7.096877078513763593e-01 3.790997421810405887e-01
9.050687816856513024e-01 4.675484856550717883e-01
1.108248620607116708e+00 5.046909784645534636e-01
1.304826079827055008e+00 4.895688602600757888e-01
1.471444625688642205e+00 4.115122517113331546e-01
1.545164146916775394e+00 2.626595128511737265e-01
1.456990315581947915e+00 1.172753225695397084e-01
1.301661280774615292e+00 1.023856851015669811e-02
1.109760209282935062e+00 -5.349145264711284431e-02
8.972693094848611661e-01 -7.113323324420153804e-02
6.776539112023520772e-01 -3.133422655176264920e-02
4.781978427885378302e-01 8.539302285230612743e-02
3.589423553936482714e-01 2.859189830515176944e-01
3.653269738449700377e-01 5.148181979894961291e-01
4.540248329987131570e-01 7.205451547421942715e-01
5.911076179937475583e-01 8.884470766029307631e-01
7.578354463486749459e-01 1.013083434832304341e+00
9.423763273854711686e-01 1.083727246041477521e+00
1.124204345118227533e+00 1.073335962944546251e+00
1.229224464578275278e+00 9.457502355553395468e-01
1.187438230435759801e+00 7.713147754993616712e-01
1.087120820996295478e+00 6.030979785091661327e-01
9.346220255654217324e-01 4.601943803560039070e-01
7.432329814529947676e-01 3.517341498436443170e-01
5.193056069337472769e-01 2.996872298265557677e-01
2.863405101074452119e-01 3.408948052900135361e-01
1.113388290650709767e-01 4.990085916746497263e-01
3.755043617624966024e-02 7.173422421299757712e-01
3.670055273170070437e-02 9.418811020793675937e-01
9.159760611251112350e-02 1.150909556811806400e+00
1.919051786350237376e-01 1.331464641144596728e+00
3.349716393525129510e-01 1.462149080276943458e+00
5.072745490115001532e-01 1.491334553384060513e+00
6.173350936022399260e-01 1.362732707098178508e+00
6.399604302010793999e-01 1.173311729316421470e+00
6.080089338277036015e-01 9.700543190355015444e-01
5.215030659907299304e-01 7.699654680717742394e-01
3.801234881925276143e-01 5.899142466725710854e-01
1.789792850810579539e-01 4.627024952972499938e-01
-6.170796801343056415e-02 4.466004573126218791e-01
-2.679505329539467740e-01 5.623053490187556180e-01
-4.111347009177609424e-01 7.433289981942398095e-01
-4.954904243703014410e-01 9.495915830256044243e-01
-5.252728441483227595e-01 1.160948517326075180e+00
-4.961402922561330975e-01 1.360670093172621886e+00
-3.927076974793330399e-01 1.513529656024027892e+00
-2.254538624628864008e-01 1.526767156688597193e+00
-9.687111969697928537e-02 1.392363844366633518e+00
-2.008110549765101949e-03 1.213546241826291894e+00
4.288061754372703149e-02 1.002267266224282638e+00
3.520756711105493125e-02 7.748431976618116446e-01
-4.430951878510452219e-02 5.506827180953598466e-01
-2.164393422625871533e-01 3.780622217457382805e-01
-4.523479817879398901e-01 3.293457492430560962e-01
-6.795801397061631555e-01 3.882373377029862960e-01
-8.732846665984259626e-01 5.073547430242792977e-01
-1.024333311679277214e+00 6.644358051699441603e-01
-1.123302169906907677e+00 8.460763604970605867e-01
-1.144420574448700823e+00 1.035895605072568504e+00
-1.040996249131793894e+00 1.171205495434374022e+00
-8.617473473192176492e-01 1.149250778580072296e+00
-6.831384886411557833e-01 1.060273539183615776e+00
-5.265320172916148067e-01 9.140852680339641712e-01
-4.024170631776889384e-01 7.248319689442428437e-01
-3.337341738938843783e-01 4.976336699263105290e-01
-3.609582887535769391e-01 2.541191098240356272e-01
-5.138761770570250409e-01 6.380113612846294302e-02
-7.337979667860525801e-01 -2.611720320735484713e-02
-9.637930272935687492e-01 -4.309682239097677170e-02
-1.181026469179227822e+00 -2.172214030527898354e-03
-1.370849182991839665e+00 8.814585537778291124e-02
-1.507208372084107628e+00 2.278427595592710520e-01
-1.524996269436228236e+00 4.005035515549513203e-01
-1.377789379664564384e+00 4.974438176882907126e-01
-1.181906915436318872e+00 5.256937050939473055e-01
-9.706491965007461031e-01 4.954873798038431643e-01
-7.611536859224673490e-01 4.105923199571984150e-01
-5.734734625956057208e-01 2.648844173479943942e-01
-4.491423298994630109e-01 5.215873008146598711e-02
-4.537235931727897631e-01 -1.948172917211676014e-01
-5.797605544742903128e-01 -3.993774004949181000e-01
-7.597306744313461202e-01 -5.478787760667902518e-01
-9.634429785182276884e-01 -6.401541764119477174e-01
-1.173104745653813730e+00 -6.763422037335451442e-01
-1.368419848395953764e+00 -6.435774827495762684e-01
-1.492283685345519473e+00 -5.183937612467505174e-01
-1.437339400585089910e+00 -3.529878675705481195e-01
-1.291217156058547477e+00 -2.200130233374926469e-01
-1.099778636253576414e+00 -1.253484886168125256e-01
-8.781686150377586708e-01 -7.771297654650971554e-02
-6.399546699200824307e-01 -9.157866855460208844e-02
-4.144803408929943478e-01 -1.949545942803413978e-01
-2.731042281293658558e-01 -4.004315076617994684e-01
-2.587895671705436329e-01 -6.424797342702668335e-01
-3.228284842697772827e-01 -8.689353381751796501e-01
-4.390858336887797364e-01 -1.062073841186455869e+00
-5.922070127183213240e-01 -1.212054817806116125e+00
-7.725423096412284973e-01 -1.297158035202992998e+00
-9.467585846243545822e-01 -1.266004192559660790e+00
-9.955096772700526842e-01 -1.098671639897337071e+00
-9.478081472764552373e-01 -9.062333509547794153e-01
-8.411388254211660254e-01 -7.200665925446396720e-01
-6.826539952030868941e-01 -5.562143434246131779e-01
-4.757198534037911930e-01 -4.342959848159509972e-01
-2.290551122594202405e-01 -3.944698867970111156e-01
4.300943207687257797e-03 -4.874462988342581071e-01
1.522905363404623569e-01 -6.813282375092002408e-01
2.270300840914042939e-01 -9.056760752722023966e-01
2.398253581686289881e-01 -1.131554561924243307e+00
1.974480749456465900e-01 -1.342142437867277938e+00
9.501591859685268315e-02 -1.513061103654852024e+00
-6.800158702818318024e-02 -1.579558122493311290e+00
-1.979004086986859146e-01 -1.461162526305006537e+00
-2.654850325646317399e-01 -1.273331164589721620e+00
-2.794404054914415014e-01 -1.057684880609984335e+00
-2.381520161391140755e-01 -8.318281857341649488e-01
-1.319994173764465484e-01 -6.143549618293762116e-01
5.452275791995439547e-02 -4.454813909962581642e-01
3.022924629870601398e-01 -3.982094323739985287e-01
5.331763728792617840e-01 -4.786840929007323830e-01
7.209850809948199490e-01 -6.227186577712660043e-01
8.587002615315744158e-01 -8.020112164295788437e-01
9.415108009268502443e-01 -9.995680284750411149e-01
9.493719812291713245e-01 -1.197122239565220569e+00
8.433872382578257998e-01 -1.334774439260547840e+00
6.692533968054250604e-01 -1.295997771015359179e+00
5.071293558477356633e-01 -1.176884681079020112e+00
3.752794265680056141e-01 -1.003658337999260741e+00
2.831291831360857048e-01 -7.916438060567971835e-01
2.514100140376988035e-01 -5.500595896467470602e-01
3.173862506912251691e-01 -3.058826724711354306e-01
5.020335263397079917e-01 -1.338105959805599154e-01
7.386057047951797294e-01 -7.294779660703612501e-02
9.742495311826779858e-01 -8.553413417217831105e-02
1.188536669554803415e+00 -1.542569034683687612e-01
1.367249946044545084e+00 -2.695330229138929723e-01
1.480341877066568834e+00 -4.283901648573897880e-01
1.455432208550830664e+00 -5.972794299519180727e-01
1.282558984197858187e+00 -6.525788525783075000e-01
1.080090433987342058e+00 -6.456013446208317408e-01
8.724891593363737208e-01 -5.758689353787005416e-01
6.756615084928755399e-01 -4.522688231155901351e-01
5.135191328361226049e-01 -2.687151116362730408e-01
4.351398532812508213e-01 -2.745910710119389697e-02
4.970949910348134715e-01 2.166176319723418231e-01
6.570108457295099624e-01 4.001698036476512566e-01
8.556662058766371093e-01 5.250175545478781292e-01
1.068523690088087674e+00 5.929148190405197916e-01
1.278870662889157961e+00 6.014890256842714278e-01
1.457980613798474323e+00 5.333447353088782705e-01
1.518553559419622001e+00 3.768261623188646769e-01
1.399933978452364780e+00 2.358176184936625341e-01
1.229026212332368528e+00 1.247297902652291929e-01
1.018082937933882048e+00 6.206351034647501763e-02
7.849713909075413110e-01 4.951311978248158080e-02
5.460767912154029791e-01 1.078968373543467973e-01
3.458544499638318559e-01 2.643313090143454835e-01
2.612748891361822978e-01 5.006363519364447345e-01
2.842219450231709410e-01 7.419918704443135837e-01
3.702904088220899670e-01 9.586376844866723035e-01
5.002786605353830574e-01 1.138225296320352298e+00
6.634963536830227326e-01 1.267551781647821230e+00
8.462709666446214252e-01 1.312179072598156582e+00
9.762555259313887568e-01 1.209612962512684575e+00
9.571341676210514127e-01 1.024033001872338922e+00
8.830513152737632376e-01 8.327457438383094601e-01
7.489500851032679929e-01 6.568998964283179198e-01
5.671519628040585514e-01 5.086677377416664037e-01
3.380781633035501721e-01 4.162214113375721780e-01
8.389421805814556432e-02 4.297892008607894221e-01
-1.205721406988719546e-01 5.741086711901841610e-01
-2.458132521939655757e-01 7.806989182709277442e-01
-3.074946491932787906e-01 1.004099623615846149e+00
-3.127546959267696325e-01 1.224157639408402609e+00
-2.602588751601537798e-01 1.423424796256547165e+00
-1.388336177203223776e-01 1.562600166189930473e+00
2.412291965043861230e-02 1.542566068716157757e+00
1.180016139837009176e-01 1.378787989606510944e+00
1.728076772362240887e-01 1.179409204294552982e+00
1.714495561727982786e-01 9.568282099608984570e-01
1.145801582745567260e-01 7.276886756240708021e-01
-1.573083468252256534e-02 5.160883196453059929e-01
-2.309823565703817694e-01 3.789129509388654560e-01
-4.807234522387766606e-01 3.760215094580994233e-01
-7.051093577252662836e-01 4.637984755005458148e-01
-8.898307846511432917e-01 6.018283098160110978e-01
-1.028237371861140614e+00 7.711572919122573477e-01
-1.106479411612444119e+00 9.594475618026614416e-01
-1.087772831851498312e+00 1.139549808555623489e+00
-9.379714771602138956e-01 1.206204619288278046e+00
-7.623667497573964891e-01 1.130220207290541845e+00
-5.966992046188441812e-01 1.002639639096572610e+00
-4.607323819112136842e-01 8.237784279117854602e-01
-3.660374034291721812e-01 6.051038191519688691e-01
-3.439177878120666110e-01 3.554778805249450002e-01
-4.392887431560272837e-01 1.176770029140763174e-01
-6.387536784735757811e-01 -3.197562973700796007e-02
-8.692849271115623555e-01 -1.001831661801812906e-01
-1.098698064258293972e+00 -1.059711352060249967e-01
-1.310763973420816519e+00 -5.884467708091210142e-02
-1.485000614009991837e+00 4.219779013944346263e-02
-1.568568247438711927e+00 1.979953983973050946e-01
-1.470348021171095532e+00 3.314093369768365549e-01
-1.281894187860305401e+00 3.791948310334549710e-01
-1.069648180599904297e+00 3.778348620216918086e-01
-8.497008750068479888e-01 3.196924643192616822e-01
-6.388107434224052916e-01 2.025185512912697772e-01
-4.706408653439083656e-01 1.314154246176496565e-02
-4.112830181137647756e-01 -2.370374624611173431e-01
-4.831437509446567802e-01 -4.752652507955662520e-01
-6.221510675426946690e-01 -6.705142537132913194e-01
-7.972116486454299267e-01 -8.168074773327742566e-01
-9.912342584689812774e-01 -9.103290794773294392e-01
-1.187951088786681986e+00 -9.335277642903545559e-01
-1.336603477962504005e+00 -8.479742781277248564e-01
-1.312984177271929953e+00 -6.793833310675727599e-01
-1.192920206318970999e+00 -5.224699680306168492e-01
-1.020798897849816589e+00 -3.926194856704930958e-01
-8.093050126410080702e-01 -3.011143999772618596e-01
-5.677537658509139717e-01 -2.648492079285594269e-01
-3.178096982824540340e-01 -3.184868659634650934e-01
-1.259382770065212986e-01 -4.895394148554216285e-01
-4.065351734358826907e-02 -7.220206420875322495e-01
-2.797767513221353225e-02 -9.597906078960191101e-01
-7.200925606697594628e-02 -1.181524283064481651e+00
-1.644730355239843456e-01 -1.372987064752177133e+00
-3.055372344739217261e-01 -1.505287127321490281e+00
-4.713457704481995303e-01 -1.504495629443168170e+00
-5.377402463767700924e-01 -1.340764174841777123e+00
-5.427196433205290216e-01 -1.140648672290577981e+00
-4.869422363174404356e-01 -9.298205148130568309e-01
-3.782435076070115865e-01 -7.242613975697669293e-01
-2.090710160536734252e-01 -5.452837879511411856e-01
2.433014680726680590e-02 -4.385110256236900428e-01
2.784633037764092101e-01 -4.643632024182910989e-01
4.880421198844067665e-01 -5.922807788169257570e-01
6.475119708063119539e-01 -7.655282718000239184e-01
7.546880644003776117e-01 -9.612442069563817970e-01
8.039195502606597543e-01 -1.164294847500770613e+00
7.720829371744671876e-01 -1.349314018856533570e+00
6.321647770388632015e-01 -1.429423922493639143e+00
4.798701600006428092e-01 -1.329845061103577475e+00
3.473789115446411224e-01 -1.176923327597904523e+00
2.551889176884917787e-01 -9.774085819727523772e-01
2.068260776812856916e-01 -7.484124090123336348e-01
2.249354609689251661e-01 -5.014152497631572114e-01
3.432852953559519804e-01 -2.733686714148608754e-01
5.580701326982625554e-01 -1.388227314518931388e-01
7.985890101264718766e-01 -1.014328101117157044e-01
1.029903860527114245e+00 -1.274576486571047385e-01
1.236771581215813320e+00 -2.030989590976381431e-01
1.403367622364526612e+00 -3.230232955687283303e-01
1.490275362077082777e+00 -4.832055727359801933e-01
1.415653380054156862e+00 -6.232163151279632718e-01
1.230913758269569502e+00 -6.409984650436992837e-01
1.028696865748730982e+00 -6.102876963740752059e-01
8.265978289014839220e-01 -5.196212501780352877e-01
6.386092205375111241e-01 -3.773518213214370753e-01
4.914869227149749609e-01 -1.761696828129127312e-01
4.385317073196279281e-01 7.565987136298241156e-02
5.178301284092539092e-01 3.148090522027919280e-01
6.719922067724181103e-01 5.011832341522467482e-01
8.594684109644122882e-01 6.356077085138917004e-01
1.061405611406528005e+00 7.176129444010508340e-01
1.262455764187630392e+00 7.378083038903033852e-01
1.425871654859633741e+00 6.693986538176356360e-01
1.440320506172618531e+00 5.118105749503382151e-01
1.310105378256272379e+00 3.751370083792728849e-01
1.135554502716073388e+00 2.633371788393140678e-01
9.225079823400871293e-01 1.947858071327027152e-01
6.851470713650036348e-01 1.755331792562228044e-01
4.399130287921483307e-01 2.311419292605152997e-01
2.371153210910514342e-01 3.908419197861118244e-01
1.424284538570517178e-01 6.232165120624661991e-01
1.309812514097947467e-01 8.637386629182702835e-01
1.772167130921278311e-01 1.088066790388318328e+00
2.691847088995197312e-01 1.283468009016269118e+00
4.037336672883771183e-01 1.429920005968317032e+00
5.694747682019761781e-01 1.475264533308437320e+00
6.683672296581106842e-01 1.348814379368993288e+00
6.635708610990237455e-01 1.156742315700439283e+00
6.066418969311537790e-01 9.537913009814584786e-01
4.945164922964721543e-01 7.566389965633470993e-01
3.292066332352620583e-01 5.808988195927310416e-01
1.054512994608145515e-01 4.601356241442375872e-01
-1.533474602546529564e-01 4.529814819006742210e-01
-3.762818710112778575e-01 5.659263209587817034e-01
-5.470547824909247625e-01 7.340985675629074780e-01
-6.655753017295443774e-01 9.281015667830567750e-01
-7.303605701911055625e-01 1.131769371910841038e+00
-7.260052432287361635e-01 1.326662215915841658e+00
-6.218845770413915508e-01 1.455558754377715758e+00
-4.655063338045101196e-01 1.399363113617910992e+00
-3.357536022565639211e-01 1.253354363898363300e+00
-2.406457330113930815e-01 1.061318455371305536e+00
-1.879010660611653838e-01 8.377016770611627194e-01
-1.918167675382871640e-01 5.934488100843194891e-01
-2.818847985835570835e-01 3.531644213236506680e-01
-4.756586299777043059e-01 1.820090476468496088e-01
-7.154879451463888040e-01 1.179426551606636703e-01
-9.531736693885286549e-01 1.230877883765926356e-01
-1.170548862461746831e+00 1.809820695295759618e-01
-1.354535804042195979e+00 2.834729530317331991e-01
-1.476037672676664858e+00 4.291697658675879268e-01
-1.461950885657035348e+00 5.880235416774491908e-01
-1.294533479228480166e+00 6.330513741644941961e-01
-1.097379907756329764e+00 6.166232133673216209e-01
-8.946446753395973506e-01 5.400859706935886573e-01
-7.006675061128407878e-01 4.133869372782232876e-01
-5.356658445238726696e-01 2.307312017100965618e-01
-4.422938797670109556e-01 -9.226996974342149826e-03
-4.751268932121824884e-01 -2.637660800981249665e-01
-6.035251421115531700e-01 -4.733473807377788778e-01
-7.743551111280044807e-01 -6.345443806481753102e-01
-9.665339050720536118e-01 -7.454069347490033248e-01
-1.165997622247189502e+00 -7.998152621060677925e-01
-1.347989641271294614e+00 -7.740635882116114752e-01
-1.425458520290977305e+00 -6.400455735545395042e-01
-1.323220672708055323e+00 -4.935537605051802945e-01
-1.169364992307755147e+00 -3.660682931170517462e-01
-9.699046798697659177e-01 -2.775911338348698298e-01
-7.417374829301096595e-01 -2.305156763011535770e-01
-4.949076504767777052e-01 -2.458659453123194505e-01
-2.620805514573206763e-01 -3.561064684593609475e-01
-1.123233989425642676e-01 -5.619358553012376856e-01
-5.366401150330158548e-02 -7.983000210079586045e-01
-5.604515118223382664e-02 -1.030489880501866518e+00
-1.080131761605586105e-01 -1.243286767821827787e+00
-2.063784584807336064e-01 -1.421094286250744076e+00
-3.514296415542037533e-01 -1.525074155823238353e+00
-4.925363697713452948e-01 -1.468069748893498394e+00
-5.211103448928625648e-01 -1.288426260813295698e+00
-5.043497552038922471e-01 -1.087490367616823495e+00
-4.294203377678698086e-01 -8.811267982585760938e-01
-3.044981592283131366e-01 -6.829370538252669265e-01
-1.203108289098556161e-01 -5.161091990301182042e-01
1.225212171299206176e-01 -4.294151427077151362e-01
3.726522551938887817e-01 -4.676773606916914683e-01
5.838920726497502933e-01 -5.857114278652725270e-01
7.514969379852357578e-01 -7.435880788703430611e-01
8.718471910003379177e-01 -9.240736486380165537e-01
9.335347820962882626e-01 -1.114651335378343378e+00
9.045548283612552254e-01 -1.286101070443454120e+00
7.605268018128747975e-01 -1.332610223293917429e+00
6.091299432592921503e-01 -1.227152448744053270e+00
4.732214597522529376e-01 -1.075370671993575389e+00
3.718984005240804080e-01 -8.787099053655623715e-01
3.112824373945100032e-01 -6.506144597595034940e-01
3.163054012321482866e-01 -4.005056758583080967e-01
4.230678743808930498e-01 -1.651337115197587802e-01
6.225324538068557345e-01 -1.103903967427166677e-02
8.509196595150463338e-01 6.576284288877727591e-02
1.078928773994030976e+00 8.502261996067755900e-02
1.291993223154704218e+00 5.445838903289996341e-02
1.471725925952318770e+00 -2.785106961349718274e-02
1.569483653449073923e+00 -1.661630614960869778e-01
1.488745141162440166e+00 -2.953742149507145864e-01
1.305923672560068027e+00 -3.358779370982833412e-01
1.099462940531634070e+00 -3.325768135982095641e-01
8.833650207503865870e-01 -2.753962844474291405e-01
6.717101302460681822e-01 -1.656114357994235564e-01
4.902157809266349808e-01 9.845425909937144393e-03
3.937232122291868253e-01 2.505607531138368538e-01
4.174136964962871232e-01 5.006842297082869653e-01
5.116787883008443449e-01 7.215164317110966952e-01
6.472761728401950077e-01 9.042131416263770038e-01
8.100798992217186356e-01 1.042418057525887898e+00
9.894711464447280003e-01 1.118059300562537883e+00
1.150567195850262125e+00 1.086488377263604699e+00
1.169953321329014306e+00 9.317338839543279905e-01
1.076946644995979474e+00 7.657659606389952689e-01
9.328990949970030755e-01 6.131696757391016384e-01
7.442425769062970264e-01 4.880999172963836896e-01
5.182909289230455130e-01 4.032027991500019004e-01
2.636189858009523324e-01 3.891457071036938387e-01
2.260008507420635526e-02 4.864839359110895156e-01
-1.443937501612463370e-01 6.727297800633207370e-01
-2.475471483072306245e-01 8.882725136003308819e-01
-2.959836465497059366e-01 1.108911821674981146e+00
-2.923981048954792938e-01 1.320239330566568947e+00
-2.272739352245332634e-01 1.499462177527240092e+00
-9.107787260218117020e-02 1.579597705148358733e+00
2.612005018550037083e-02 1.467158808869267750e+00
9.110894142485016778e-02 1.285482244457114787e+00
1.083924373711785960e-01 1.073266651053507381e+00
7.794569075100456212e-02 8.464952903379190374e-01
-9.555413199570428340e-03 6.188557362184819999e-01
-1.726657755900502245e-01 4.203234455859872210e-01
-4.084156856091128440e-01 3.123763456464030974e-01
-6.567026749493947158e-01 3.116380203759041012e-01
-8.856216103276594032e-01 3.727549740349155316e-01
-1.083231305918085141e+00 4.772511685324415387e-01
-1.238956424587461580e+00 6.156050893501013865e-01
-1.324624822823275094e+00 7.802266545942485587e-01
-1.275667968805576535e+00 9.241961979308568331e-01
-1.106534788031743766e+00 9.195577747779815070e-01
-9.242393418735257438e-01 8.505878510492015376e-01
-7.509122807626362750e-01 7.237241543516602649e-01
-5.967531008895095024e-01 5.527632141125680132e-01
-4.804867916372572711e-01 3.368855074270293848e-01
-4.396377451745900333e-01 8.269679149270903196e-02
-5.156406709240757280e-01 -1.632734776709440228e-01
-6.729697413092819991e-01 -3.522627097852758515e-01
-8.627218382156346399e-01 -4.897496814129681519e-01
-1.065561995361094416e+00 -5.769163584125969191e-01
-1.267873181472434885e+00 -6.094133377059028911e-01
-1.443272387673208756e+00 -5.673058016862669861e-01
-1.504276548376811018e+00 -4.328409758274571750e-01
-1.382709042119592002e+00 -3.091172394559297265e-01
-1.212752260530733039e+00 -2.112175652088274513e-01
-1.004087483046353535e+00 -1.567577348572488649e-01
-7.736165320959303981e-01 -1.441865665745842295e-01
-5.322845293412590273e-01 -1.902984144549568768e-01
-3.105612992403193329e-01 -3.207302250348709749e-01
-1.700101807978990076e-01 -5.342174957938223834e-01
-1.185545903297735570e-01 -7.726213004950428509e-01
-1.250491508589316181e-01 -1.004638106195796077e+00
-1.781975724735453959e-01 -1.216568153639544958e+00
-2.745571637875449111e-01 -1.394244593920690445e+00
-4.141388680561370883e-01 -1.501929118632579607e+00
-5.515532451437268335e-01 -1.456140421281611586e+00
-5.704246269450692353e-01 -1.281765337533899096e+00
-5.432342839327127804e-01 -1.086893122081717955e+00
-4.590954371362394593e-01 -8.879915426698364866e-01
-3.288862442629201244e-01 -6.971611738983622963e-01
-1.453290381096694894e-01 -5.336416471437357423e-01
9.308388436693873502e-02 -4.379027422129670999e-01
3.468164854341947434e-01 -4.555666805294839583e-01
5.680358455297268572e-01 -5.551003573083743703e-01
7.505843444576729695e-01 -6.960788103972259666e-01
8.900450012096564611e-01 -8.623115839981247976e-01
9.761601662979858540e-01 -1.043119152065468569e+00
9.787317466659226639e-01 -1.216652056045070429e+00
8.580243345545518485e-01 -1.293273332544364163e+00
7.069225552009580360e-01 -1.202974610397132160e+00
5.662450093986396427e-01 -1.065198117360397490e+00
4.554061523004143686e-01 -8.798522615180388584e-01
3.778959808493915773e-01 -6.622718170368980806e-01
3.536347160806544987e-01 -4.177246714152028639e-01
4.161227885327299370e-01 -1.688244516843926402e-01
5.777562480814487644e-01 2.664391845344740717e-02
7.856001986285687799e-01 1.502709745062622837e-01
1.004757675320203436e+00 2.194356830635481315e-01
1.219937562388658581e+00 2.394426257750280340e-01
1.416528940230253442e+00 2.074851189589154710e-01
1.558780627244050310e+00 1.109694306276004100e-01
1.549475044599650353e+00 -3.024697757724899294e-02
1.388462030877431364e+00 -1.010315032970501153e-01
1.195054006401144342e+00 -1.366208476882096456e-01
9.799168769110988553e-01 -1.211225078470509892e-01
7.573745621573794162e-01 -6.033616926951358705e-02
5.428458234580980646e-01 5.895020701906349136e-02
3.733658293736696887e-01 2.512471428263232109e-01
3.023533935992083754e-01 4.943932380846125518e-01
3.152638189029217108e-01 7.355099454166043049e-01
3.790084310973049209e-01 9.558772546393803360e-01
4.809941255682931294e-01 1.145912212845967559e+00
6.156550489625585154e-01 1.291936877800415218e+00
7.737720534352857671e-01 1.357320472466740924e+00
8.852477431326782886e-01 1.272242945595955188e+00
8.539896052840016960e-01 1.099944096098236512e+00
7.757034451767395034e-01 9.202583838301834351e-01
6.432174208293728324e-01 7.507452140575713306e-01
4.694395329565252961e-01 5.998656398958762681e-01
2.519791710327760059e-01 4.871967339365733118e-01
-1.309967396567079945e-03 4.505694656064602732e-01
-2.441146717303881442e-01 5.223843157030914064e-01
-4.401133096347304985e-01 6.632113808853170589e-01
-5.915850024899432791e-01 8.353462491112866317e-01
-6.973274636426785023e-01 1.023190451341445595e+00
-7.490573602320342861e-01 1.214888892235937989e+00
-7.213672259205355930e-01 1.383684568172492968e+00
-5.921386507680421740e-01 1.434959647045149778e+00
-4.649647177742228799e-01 1.316770366118090063e+00
-3.569042111320360200e-01 1.154611320948580211e+00
-2.864271668803944904e-01 9.523055321620059743e-01
-2.532119862135930877e-01 7.255057008188192658e-01
-2.742360637299093851e-01 4.824032644149546245e-01
-3.763686872959944862e-01 2.484007611395291359e-01
-5.640804102254651786e-01 7.838841329737053498e-02
-7.865116618745126020e-01 -1.549089580107199104e-02
-1.012463356555528105e+00 -5.528505052361893518e-02
-1.228090034112728102e+00 -4.829011236227363085e-02
-1.419447991932569320e+00 5.992605157230254664e-03
-1.552138239576495549e+00 1.151044378335845664e-01
-1.536456229463400991e+00 2.522461600414962479e-01
-1.372028515344873245e+00 2.996290701005052126e-01
-1.179008741740780852e+00 3.068116207643243887e-01
-9.711292474423104393e-01 2.610403856604437411e-01
-7.616016238432642416e-01 1.715062028287958062e-01
-5.653572321927960997e-01 2.878164493426987880e-02
-4.157139938378543453e-01 -1.769689090397350006e-01
-3.616577118210461683e-01 -4.245796162439289811e-01
-3.921095885142641402e-01 -6.643934317888013918e-01
-4.712503000343002957e-01 -8.801741420665198934e-01
-5.853901057434521826e-01 -1.063829182800439588e+00
-7.276832162835735751e-01 -1.203999607750644740e+00
-8.882518032749626702e-01 -1.269527458357914584e+00
-1.005598571765496274e+00 -1.197565984305243303e+00
-9.682253834389873415e-01 -1.034578904920373299e+00
-8.781971704758910757e-01 -8.662926636327799024e-01
-7.348251461891421865e-01 -7.114588005271199611e-01
-5.533309731389053354e-01 -5.766627233181349510e-01
-3.335583024379134010e-01 -4.780517488777936697e-01
-8.228430907057071586e-02 -4.468734740324601384e-01
1.617048756050388503e-01 -5.166903251544334719e-01
3.578247179226742292e-01 -6.591201581724828173e-01
5.090618604091950994e-01 -8.331940465588407729e-01
6.155860400813942812e-01 -1.022392207423701738e+00
6.720397629354720737e-01 -1.215402259352240666e+00
6.581234223779193204e-01 -1.390832031615490072e+00
5.467089268307243621e-01 -1.473215673381443214e+00
4.216090024664347347e-01 -1.370843393565768231e+00
3.197113333318352124e-01 -1.212528955867637537e+00
2.547813345639607929e-01 -1.013933794530077259e+00
2.254798463173480205e-01 -7.916642099680748501e-01
2.440420800787690414e-01 -5.533702171523813274e-01
3.327830318370648133e-01 -3.175838447417544952e-01
5.058449220683304270e-01 -1.311426393635983234e-01
7.237678934915958706e-01 -2.239937641254148570e-02
9.494582828310909051e-01 3.061362636424302952e-02
1.167872568933378652e+00 3.707159218039626780e-02
1.367181430049459356e+00 -1.290520582701362717e-03
1.522095586610483942e+00 -9.136470777237268304e-02
1.561135141647858493e+00 -2.270038261535526902e-01
1.423049394801393142e+00 -2.974787970616229460e-01
1.237583463483677093e+00 -3.122430004783690594e-01
1.033556189787281365e+00 -2.768055467274257442e-01
8.251029691669687915e-01 -1.982978583243304449e-01
6.240047268744330911e-01 -7.171682962797584771e-02
4.544747682667263922e-01 1.134774048085929465e-01
3.628067997748721241e-01 3.517934450385463152e-01
3.633207875025218359e-01 5.970689696054656270e-01
4.190742542087966260e-01 8.238471712256051349e-01
5.132588607856432006e-01 1.023023475809290650e+00
6.381894132722407686e-01 1.185720108635492709e+00
7.886620079241117853e-01 1.288917117391734646e+00
9.327201659849239102e-01 1.276272075065230993e+00
9.450334356880182307e-01 1.127625924487749565e+00
8.723282009536413861e-01 9.578735888864943204e-01
7.481919367855541791e-01 7.937208091084380079e-01
5.826621079265483782e-01 6.457481427134994512e-01
3.785898299427732372e-01 5.252815290512167223e-01
1.372723384446861705e-01 4.568586343336063504e-01
-1.182661504157079824e-01 4.788535861113553671e-01
-3.396246061113188386e-01 5.888332677633318912e-01
-5.186160071622462064e-01 7.415981514170550959e-01
-6.554906424513522456e-01 9.165899985805532335e-01
-7.464504091445994804e-01 1.102669871748592767e+00
-7.747357141666102454e-01 1.285571715592040531e+00
-7.054886862259899249e-01 1.415826608737667858e+00
-5.674641393208165185e-01 1.370132643697007602e+00
-4.506593531753788628e-01 1.227831668036632573e+00
-3.608877196287784139e-01 1.043283382897989719e+00
-3.051223948009995635e-01 8.284605756274476818e-01
-2.905711008434823106e-01 5.919404288353040666e-01
-3.376713651240071390e-01 3.453249102380389068e-01
-4.706211314154463699e-01 1.247509124221782284e-01
-6.683959436744003613e-01 -2.608381554971403449e-02
-8.862061262533413863e-01 -1.188737943659023827e-01
-1.105221680075136659e+00 -1.638766754323813801e-01
-1.313764178979341501e+00 -1.629667738613906347e-01
-1.492129731311933050e+00 -1.079469504340221930e-01
-1.582268540155402858e+00 1.069977238847814871e-02
-1.483830547567254854e+00 1.154052043817141437e-01
-1.303891640682627306e+00 1.545370037213009418e-01
-1.098623433525891091e+00 1.513532398316991823e-01
-8.814933860325404602e-01 1.036379410430803838e-01
-6.634526592055907113e-01 9.749816309168615747e-03
-4.636042193143388168e-01 -1.431395509399642774e-01
-3.243574714558054017e-01 -3.608070656488462924e-01
-2.761103029679328746e-01 -6.058305413885987090e-01
-2.889417571338954160e-01 -8.431426966272769219e-01
-3.451360960116106602e-01 -1.060440202719723723e+00
-4.379014809509373940e-01 -1.248051306013097550e+00
-5.659187160172974851e-01 -1.384634756359658603e+00
-7.120521989874968316e-01 -1.413602677628175597e+00
-7.613313642488455102e-01 -1.278715165430783562e+00
-7.153518593908055889e-01 -1.099929062103560007e+00
-6.202714053195556021e-01 -9.173260217633198987e-01
-4.800964267615123182e-01 -7.439252882423366131e-01
-2.982848105382457926e-01 -5.901882264457818383e-01
-7.183864689914803980e-02 -4.788315207343564195e-01
1.855873767082608095e-01 -4.501358466314618334e-01
4.274530473051731949e-01 -5.141671981446328532e-01
6.359672458029085318e-01 -6.290645808472643541e-01
8.077235891280274416e-01 -7.740627111145931272e-01
9.367367360804037535e-01 -9.390599750381822819e-01
1.003772575295893033e+00 -1.113492502402467110e+00
9.643119319100293962e-01 -1.255829526233193771e+00
8.209751128898028494e-01 -1.236305440098736330e+00
6.802436092002375201e-01 -1.115798329455248483e+00
5.579780391471609313e-01 -9.490633146389140240e-01
4.633999819989926272e-01 -7.462760694331774802e-01
4.047534808638276749e-01 -5.146876008416157999e-01
4.038866466469200889e-01 -2.616075260556584015e-01
4.906958280998602873e-01 -1.718479332574068819e-02
6.526714414365212269e-01 1.735428210663256532e-01
8.453942688707902775e-01 3.133364252947704598e-01
1.049445563981899365e+00 4.074084731945690208e-01
1.253296723252576017e+00 4.541750526421118317e-01
1.438658686384415075e+00 4.399624516956811560e-01
1.546266024407784823e+00 3.418776465851705026e-01
1.460621906880758880e+00 2.231044261569303799e-01
1.290692376485936821e+00 1.476339882580515184e-01
1.086556681368685107e+00 1.094700175982736556e-01
8.621042454972355218e-01 1.109752765303055611e-01
6.270426122949972481e-01 1.572884913262684869e-01
3.974683360554301381e-01 2.651097145511393527e-01
2.134630107896736406e-01 4.479842649339563221e-01
1.083331625002158516e-01 6.747130991220502416e-01
6.078710147367641370e-02 9.076975247130716351e-01
5.901083324895894933e-02 1.132008976776980758e+00
1.002401667373928884e-01 1.336450798043363752e+00
1.898682226954983010e-01 1.497848525431918931e+00
3.232082125809043749e-01 1.550058653676852138e+00
3.905119365924342167e-01 1.417975574811291883e+00
3.881601219362549315e-01 1.231627939071633593e+00
3.368567272136629986e-01 1.029716729280437892e+00
2.420092829203759344e-01 8.258309718476147809e-01
1.021560744561076650e-01 6.308701293804708232e-01
-9.117923373933625730e-02 4.664054486969274604e-01
-3.333111419451590396e-01 3.740145495656774788e-01
-5.826859244892050871e-01 3.692577318818932031e-01
-8.148958719239763893e-01 4.182640537602496655e-01
-1.021139697852321282e+00 5.052321547062865736e-01
-1.192044550505695355e+00 6.236295190400032995e-01
-1.303469312520445067e+00 7.693011529095149514e-01
-1.295136399828702656e+00 9.101342908468655901e-01
-1.145911954951554179e+00 9.142087406693083507e-01
-9.761973237760639410e-01 8.370845768389902908e-01
-8.119897770091727418e-01 7.085379929842624547e-01
-6.630254903548961076e-01 5.400643002097220702e-01
-5.399130891470225180e-01 3.342026170821292275e-01
-4.654705949819483712e-01 9.176258786614649443e-02
-4.751633575975525714e-01 -1.667710710507354643e-01
-5.663540384235666858e-01 -3.984173791360801631e-01
-6.996677346459788671e-01 -5.942527555491254887e-01
-8.578189433301666167e-01 -7.521003244095785245e-01
-1.031492018729337268e+00 -8.655900108089567002e-01
-1.207712749424304732e+00 -9.137194543079389941e-01
-1.333413634139560155e+00 -8.526850866443950183e-01
-1.278687770618243347e+00 -7.141302962792641651e-01
-1.142413414664044558e+00 -5.874231901676346679e-01
-9.608487387816838643e-01 -4.853479160817116833e-01
-7.485552639500125949e-01 -4.121573295026588757e-01
-5.117946568131667151e-01 -3.764600091818292582e-01
-2.596548488756183493e-01 -3.984368104685945822e-01
-2.333718667856429785e-02 -5.026619513749991386e-01
1.591621760488154957e-01 -6.716322063373393325e-01
2.935807626362174072e-01 -8.664902891721333322e-01
3.841444051754341893e-01 -1.070656986285168699e+00
4.282341758180078783e-01 -1.273342229728176456e+00
4.111056949787940673e-01 -1.455215425453426858e+00
3.109186681960640630e-01 -1.552161384071050199e+00
2.019172850993683488e-01 -1.453176617281337846e+00
1.343359709164997362e-01 -1.280470081595644682e+00
1.055409369852539081e-01 -1.074772281477882174e+00
1.145950297534637230e-01 -8.509304363598440002e-01
1.665866674581009121e-01 -6.178456213134626562e-01
2.764381328219081002e-01 -3.905453980184772078e-01
4.561010812159190797e-01 -2.053835235566189299e-01
6.775941642843872348e-01 -9.202555044098745252e-02
9.068733743037202810e-01 -3.250389393910273900e-02
1.129957688473049782e+00 -1.692353228494480194e-02
1.336023983115937508e+00 -4.396580762326338099e-02
1.502609579373994197e+00 -1.206311439051756390e-01
1.564201385326160265e+00 -2.464335922205654894e-01
1.438134326804922036e+00 -3.169817809474916315e-01
1.253422168955218075e+00 -3.197360850792472786e-01
1.051200951357274427e+00 -2.757665384124834418e-01
8.449167994280849525e-01 -1.898571240792458759e-01
6.444148109186274009e-01 -6.131209406578336241e-02
4.679441275471273309e-01 1.183558780462109772e-01
3.522587888242221243e-01 3.488639765192026454e-01
3.173259417788401593e-01 5.956463015907302871e-01
3.359810700722126731e-01 8.322553002508470410e-01
3.938662576633594203e-01 1.048878016120759593e+00
4.860958734417473726e-01 1.235970345422767069e+00
6.119316822244895704e-01 1.370964981238540048e+00
7.514093636311847124e-01 1.394280135492679706e+00
7.816580328788058640e-01 1.256315310032448451e+00
7.225131802087805255e-01 1.082030248144229434e+00
6.147724548629032171e-01 9.062665751098433198e-01
4.656555415649500373e-01 7.405124347548037722e-01
2.788541847020135078e-01 5.936726675893921890e-01
5.236926237362535264e-02 4.847472094453662006e-01
-2.028433257364527786e-01 4.472623815277730341e-01
-4.488446280405002931e-01 4.910362824311089169e-01
-6.683979947568051694e-01 5.828916223388123097e-01
-8.569677993135119687e-01 7.056435526915690870e-01
-1.007277811253819433e+00 8.516168430924946353e-01
-1.099016794385556439e+00 1.013307797327456017e+00
-1.083329667825421172e+00 1.155501640325774515e+00
-9.455110058194826639e-01 1.147411890901264053e+00
-7.999964661479682659e-01 1.035702030453789169e+00
-6.676497944265051832e-01 8.786249203793263796e-01
-5.580920074532300657e-01 6.849264478139498458e-01
-4.776578895980404527e-01 4.618623013133292821e-01
-4.441041552573235518e-01 2.132517066433398667e-01
-4.851435410206188514e-01 -4.148473923063183966e-02
-6.005578312082897607e-01 -2.638523843875695274e-01
-7.542882439548707074e-01 -4.464488590094045639e-01
-9.282068917322966461e-01 -5.905030100812275196e-01
-1.112834988372973566e+00 -6.916003160074503109e-01
-1.295384434635656667e+00 -7.333147514866434902e-01
-1.430061594469641761e+00 -6.802860251112067269e-01
-1.387812455263959466e+00 -5.519831945809337004e-01
-1.237121759814495681e+00 -4.483357317367689387e-01
-1.048110284869006925e+00 -3.698765320665771128e-01
-8.306391080327276688e-01 -3.246071520592075932e-01
-5.941737233635899784e-01 -3.152019120200869606e-01
-3.472346324417174834e-01 -3.566958692824135913e-01
-1.151177639898127991e-01 -4.693786652508262769e-01
6.562994922217543770e-02 -6.437512710898929402e-01
1.971249121258017434e-01 -8.437473988965846772e-01
2.861930973446957238e-01 -1.052133049813650523e+00
3.315004091350250426e-01 -1.258649802626900627e+00
3.214750313183409314e-01 -1.446939198509310520e+00
2.353757623798504173e-01 -1.565384378422262301e+00
1.234481176195015989e-01 -1.495035175469645150e+00
6.899836801478606563e-02 -1.321078195098014829e+00
4.841602292670115631e-02 -1.118314624442828142e+00
6.833373614412330266e-02 -8.975618837515129123e-01
1.272577512530572996e-01 -6.689481494481928081e-01
2.365464037273347087e-01 -4.443083184871760571e-01
4.084320693674360347e-01 -2.520753346763981440e-01
6.255852095978737815e-01 -1.248739550941778687e-01
8.542721529822365767e-01 -5.224936077692236835e-02
1.079678596722082329e+00 -2.245348310321586965e-02
1.291712038895089343e+00 -3.382711911853054920e-02
1.472233227110178344e+00 -9.271438647266580513e-02
1.568397603061303824e+00 -2.056261545542629743e-01
1.477621301680054788e+00 -2.974653257614134350e-01
1.296225470655581802e+00 -3.010692605012622591e-01
1.096644954553164020e+00 -2.657642982680533117e-01
8.906387835855404944e-01 -1.859331283310913241e-01
6.874802470298296830e-01 -6.729477147210674581e-02
5.008066898071377171e-01 9.740688422290708082e-02
3.595546359191175156e-01 3.126689735412512272e-01
2.912803058817954316e-01 5.553281321817765681e-01
2.790759895178009375e-01 7.954916791837760570e-01
3.072009499043550362e-01 1.021849088876444656e+00
3.713077985591840546e-01 1.225282344962203007e+00
4.726978948960042226e-01 1.387629541473539785e+00
6.055219323624798644e-01 1.458964795318745233e+00
6.777999406321761899e-01 1.356345332471033949e+00
6.340677511379446685e-01 1.181710399967019320e+00
5.498872740168559980e-01 9.992672972254482699e-01
4.201104919349913369e-01 8.219633516685209695e-01
2.544818492682949240e-01 6.567898563658528532e-01
4.975818484747954185e-02 5.176740563047603771e-01
-1.920322418364130146e-01 4.317420924976240748e-01
-4.441891346428009646e-01 4.213821740254103387e-01
-6.810497608902468247e-01 4.656641626648216903e-01
-8.954430110385412922e-01 5.457660996940901788e-01
-1.079890666538687594e+00 6.550849168249707200e-01
-1.217860257715645655e+00 7.906029424473264289e-01
-1.265755937829579514e+00 9.374360345517265269e-01
-1.159929580935181725e+00 9.963842187607089285e-01
-1.003165754180509461e+00 9.135450154434944237e-01
