-3.345160877260430331e-03 1.000000000000000000e+00
-9.900822467083653100e-03 9.999724570858626871e-01
-1.968803557585940833e-02 9.998540789567980092e-01
-3.257764003668206509e-02 9.995523838409526851e-01
-4.827257191787068941e-02 9.989577235452815618e-01
-6.626921784202105536e-02 9.979646279768026318e-01
-8.588125322448399157e-02 9.964995590495122624e-01
-1.063365713173107380e-01 9.945426009984460469e-01
-1.268916865414113360e-01 9.921325627860400065e-01
-1.469016220947181595e-01 9.893574680777201813e-01
-1.658312350107550015e-01 9.863405099888914451e-01
-1.832297444212663551e-01 9.832290656975415377e-01
-1.986918373505142388e-01 9.801887546201413226e-01
-2.118174930502503273e-01 9.774013986630151196e-01
-2.221741588056372063e-01 9.750648281126507166e-01
-2.292620264197382518e-01 9.733919899815827170e-01
-2.324859785530797307e-01 9.726053774961376241e-01
-2.311499352322725631e-01 9.729190256886839361e-01
-2.245229248037479142e-01 9.744924570167572409e-01
-2.121021976621226546e-01 9.773302892120683261e-01
-1.942884437057285085e-01 9.811131051698959160e-01
-1.734239528559228249e-01 9.850757669759029334e-01
-1.538600733327526726e-01 9.882910494231486043e-01
-1.397246149054632292e-01 9.902928338974332778e-01
-1.331799856346871924e-01 9.911133815346413467e-01
-1.349667654652788318e-01 9.908514112966294585e-01
-1.453066095969356153e-01 9.894414147931236414e-01
-1.644515926421908358e-01 9.865748575064341441e-01
-1.930041462365603699e-01 9.816255512233305058e-01
-2.321532198297864835e-01 9.735004198869052772e-01
-2.837588096493137702e-01 9.603726370641576526e-01
-3.491588990256196956e-01 9.395723237197610711e-01
-4.220032129326942716e-01 9.099949626841530304e-01
-4.835831932076297135e-01 8.780401663790706746e-01
-5.310018686420654443e-01 8.491838462080778527e-01
-5.658751226590834627e-01 8.255646575621586880e-01
-5.890962178911564040e-01 8.085743116358762306e-01
-6.005889043383333403e-01 7.996893777787019708e-01
-5.992012389035354936e-01 8.005993532204314089e-01
-5.836452136769384458e-01 8.122398846314455856e-01
-5.569991631187883874e-01 8.311540400479318080e-01
-5.332485133425112211e-01 8.464286653531998272e-01
-5.244242267268324209e-01 8.515166253942647590e-01
-5.322663742737601122e-01 8.466260086673882412e-01
-5.562934930224154861e-01 8.314702876227786366e-01
-5.961791325311264211e-01 8.042997178121684687e-01
-6.528240025808793590e-01 7.608637293203831531e-01
-7.260126753613195261e-01 6.947162778840225705e-01
-7.962303763345277563e-01 6.143230416889373657e-01
-8.383386259067657775e-01 5.504658843322363104e-01
-8.675150264913226161e-01 5.007330849715266874e-01
-8.832347820327696164e-01 4.701835233277141257e-01
-8.877988227869751947e-01 4.603565064027937970e-01
-8.802573740789346735e-01 4.747714536012541675e-01
-8.618803011809340608e-01 5.085640375552895609e-01
-8.463232846553973010e-01 5.334772605163532466e-01
-8.453752595261738723e-01 5.341706340991743129e-01
-8.594259069442433674e-01 5.119329359621239695e-01
-8.866879491277792624e-01 4.654907940185221693e-01
-9.249069962764704389e-01 3.895724924028445280e-01
-9.688388850202823699e-01 2.759863286948536776e-01
-9.942440681996810303e-01 1.598809911378964999e-01
-9.998203597870477521e-01 8.101701341500379405e-02
-1.001160782047004760e+00 2.611848684269898330e-02
-1.000277249337868213e+00 2.354066237075996132e-03
-9.999717961380907294e-01 1.209553860059142845e-02
-9.994336671254617777e-01 5.259165108691393059e-02
-9.970419423174005091e-01 8.250624921650502597e-02
-9.970719149642237600e-01 7.666182645498405279e-02
-1.000057001474503826e+00 3.761247997174956004e-02
-1.002065913434617483e+00 -3.618393386736575013e-02
-9.951928253248236711e-01 -1.511230772417908597e-01
-9.663245410376603006e-01 -2.972649735715377495e-01
-9.287996197102238449e-01 -3.818281389130475101e-01
-8.966517764401580326e-01 -4.489276147605171241e-01
-8.787152488291702923e-01 -4.785913648594197212e-01
-8.788461078739194798e-01 -4.771014115501734376e-01
-8.972891974226856471e-01 -4.431235574099312569e-01
-9.103152255446887997e-01 -4.150693645347576233e-01
-9.056658369232029049e-01 -4.241085239088510095e-01
-8.857543426516241158e-01 -4.665052992534063359e-01
-8.445610942870087623e-01 -5.423672956689935543e-01
-7.690455289826247931e-01 -6.530768758066026747e-01
-6.625142037895592750e-01 -7.647359111541363053e-01
-5.892779630148411441e-01 -8.125771391218865602e-01
-5.320282703217062981e-01 -8.494547389527985493e-01
-5.107885861709312580e-01 -8.600275275200018887e-01
-5.266154454724577549e-01 -8.503015767524286783e-01
-5.637363380475953756e-01 -8.271094897563925352e-01
-5.659439836886198671e-01 -8.244527366314725603e-01
-5.373887402278956227e-01 -8.440409472625595155e-01
-4.715518705739717986e-01 -8.852482483781303202e-01
-3.596024744874089518e-01 -9.414693215079364963e-01
-1.977514399181443949e-01 -9.949307614964635338e-01
-9.979137609694480049e-02 -9.997455422390630897e-01
-1.573346087753563216e-02 -1.003402530426748651e+00
1.924703373741103868e-02 -1.000422276860754245e+00
1.286852195211779168e-02 -9.999335766531650682e-01
-2.853573306331922896e-02 -1.000445436255163356e+00
-3.677477313054336450e-02 -9.993604600903809310e-01
-4.472812469740600205e-03 -1.000508328122576396e+00
7.154255425630359766e-02 -1.000326279950921382e+00
1.947866648928473499e-01 -9.886200830861264777e-01
3.646674771871541987e-01 -9.473741273703217836e-01
4.575677224157663758e-01 -8.954182808015769268e-01
5.353808292642078248e-01 -8.494190533469658799e-01
5.673373486882260508e-01 -8.244696615906114134e-01
5.659064374769159356e-01 -8.244656055633786673e-01
5.344569622994204128e-01 -8.460502566083193399e-01
5.291877111121058297e-01 -8.485278401893943112e-01
5.593286840089459755e-01 -8.297025827464907799e-01
6.251815647649909824e-01 -7.845481816002906061e-01
7.238629715435955791e-01 -7.018431730512602051e-01
8.430018757875821223e-01 -5.671179020322646425e-01
8.880075968082236093e-01 -4.715755873094445993e-01
9.264812196078116013e-01 -3.875037806508314087e-01
9.383803756710425992e-01 -3.480222444994893194e-01
9.373672379233953800e-01 -3.483319015615546355e-01
9.251379272251801789e-01 -3.812387218647739218e-01
9.253245046091229664e-01 -3.791892031686253661e-01
9.411974454123711586e-01 -3.404315373174904846e-01
9.699341431864162422e-01 -2.584061036995451976e-01
1.001604438939424524e+00 -1.248893723266898126e-01
1.015029364103273046e+00 5.842885536292910520e-02
9.926484482309304580e-01 1.568298478871744672e-01
9.735088050170329632e-01 2.462240195046045965e-01
9.598478130896497262e-01 2.832442060441263676e-01
9.598847773580384546e-01 2.803932170654035438e-01
9.685881451268779641e-01 2.505857989321068624e-01
9.650316953789206398e-01 2.624346207688474375e-01
9.517524160058661309e-01 3.109503844111760618e-01
9.207363830638446434e-01 4.018133091836961768e-01
8.572524898021628426e-01 5.357890711128251438e-01
7.509021290561144202e-01 6.853563281234312798e-01
6.735963571714252973e-01 7.453882352074991946e-01
6.062230693551107219e-01 8.000044397402954477e-01
5.759658891790062629e-01 8.182246030258339964e-01
5.824070892428528934e-01 8.129339860168846021e-01
6.019842340826231375e-01 7.988686150678955267e-01
5.814067456033280568e-01 8.140153395418776583e-01
5.299262807354920835e-01 8.503787089330658855e-01
4.352934313319096749e-01 9.070124015233985704e-01
2.825670556164688318e-01 9.735858946849272888e-01
1.171517189943044046e-01 1.007275484340922622e+00
1.641367433867593761e-02 1.004835455820768830e+00
-5.693299560556204508e-02 1.001064087835325411e+00
-8.110653283960081450e-02 9.969993641442501664e-01
-6.100667072055740436e-02 9.983350205283193501e-01
-5.615186292409150848e-02 9.984357562518333395e-01
-9.930564456771552584e-02 9.959920388861656093e-01
-1.854309831472117087e-01 9.864660814129343480e-01
-3.205359828559432023e-01 9.572574046895138133e-01
-5.025278583797183618e-01 8.862998864553002232e-01
-5.927258572057167996e-01 8.135144966970729863e-01
-6.739440149087347898e-01 7.462496208957021260e-01
-7.082364741990117007e-01 7.078261760558215432e-01
-7.142857008123226770e-01 6.999181217089142093e-01
-6.994357068791602350e-01 7.150028671560036964e-01
-7.150757063139512315e-01 6.994003564300294018e-01
-7.567066583626483878e-01 6.564779000338422099e-01
-8.251646350825945220e-01 5.748423804419772187e-01
-9.124930696038560107e-01 4.395876193337152626e-01
-9.832799931603124488e-01 2.630333652383918253e-01
-9.921968320961706000e-01 1.606661079916899548e-01
-1.001571829188248275e+00 7.077572931674099010e-02
-1.000228536756350817e+00 3.201418200241517437e-02
-9.993300694812893292e-01 3.677537019059236301e-02
-9.990561858629416481e-01 4.401929314178780472e-02
-1.000929597983359454e+00 8.976385727267333081e-04
-1.000069794187432803e+00 -8.092071375057419136e-02
-9.861593827598912343e-01 -2.113992171457931557e-01
-9.378139039854539449e-01 -3.960567948874786359e-01
-8.659717959952284438e-01 -5.199167903343134833e-01
-7.998106135604349243e-01 -6.105698391128175917e-01
-7.551609054929877551e-01 -6.587911729900208790e-01
-7.384270474849065069e-01 -6.747198847396970178e-01
-7.476533588553871956e-01 -6.642287370733268581e-01
-7.327520683770898380e-01 -6.808670249202832814e-01
-6.904732863436566781e-01 -7.259908098453903280e-01
-6.109557551406562537e-01 -7.989824186786727012e-01
-4.786778208837736415e-01 -8.928211559046527190e-01
-2.961390671774314920e-01 -9.758880547893468149e-01
-1.900881701658167500e-01 -9.873651209530796002e-01
-9.102260482398960573e-02 -1.000849310473040266e+00
-4.362290403456971916e-02 -1.000157422180915967e+00
-3.807035780081076404e-02 -9.992857066862810278e-01
-4.020206963742243428e-02 -9.991923003072384901e-01
7.413621098074460458e-03 -1.001107066502276766e+00
9.178885351763491074e-02 -9.993447619771238521e-01
2.238820757554361163e-01 -9.836425045614740625e-01
4.095452352521374295e-01 -9.323569948552952180e-01
5.422166999783738506e-01 -8.540694090167679775e-01
6.337884136888781716e-01 -7.821342783315528013e-01
6.865108886113174824e-01 -7.307990519083686909e-01
7.072937058714564573e-01 -7.075954226944133341e-01
7.027301287689748932e-01 -7.114748414240849028e-01
7.227615462314058714e-01 -6.916756078469606939e-01
7.690424329858930319e-01 -6.427314476351155825e-01
8.395405759496097353e-01 -5.548453541628375341e-01
9.262753325939628857e-01 -4.121355460026193129e-01
9.970630435136562664e-01 -2.190376012133027350e-01
9.999943436733573776e-01 -1.086619476246221405e-01
1.005487286871999286e+00 -3.766594667631933957e-03
1.000188928545449052e+00 4.912276709061049601e-02
9.981718008808447840e-01 6.167832880356135389e-02
9.977144091350768074e-01 6.783162257419456109e-02
9.939822105847628819e-01 1.224608854680682840e-01
9.814092092711010906e-01 2.122431400171475580e-01
9.480312210077102009e-01 3.471835862735218603e-01
8.707359220565269453e-01 5.303119825236246587e-01
7.745048245813737076e-01 6.508381166279729735e-01
6.877628599552921829e-01 7.359426266623411150e-01
6.262605325501331421e-01 7.834394577316255992e-01
5.952736017942668045e-01 8.043832196724900463e-01
5.930109139261218187e-01 8.051921796056786818e-01
5.638244091132346147e-01 8.266931782802804385e-01
5.024575363239666137e-01 8.677443518571045233e-01
3.989306810016291505e-01 9.245455420231361021e-01
2.382496097980661698e-01 9.863141553598018252e-01
3.218661487252022502e-02 1.020989359045247236e+00
-8.074260312670807072e-02 1.003060427894998607e+00
-1.888574410224322375e-01 9.880423223314258596e-01
-2.452936399243864918e-01 9.712157541400652239e-01
-2.642577186415451251e-01 9.646551481024905339e-01
-2.784321954528462539e-01 9.605677498906718403e-01
-3.376012235695441399e-01 9.433043264235210223e-01
-4.278342851410497083e-01 9.089930477526142472e-01
-5.562904113331510469e-01 8.433961443571760253e-01
-7.205725067823098851e-01 7.226544069797515846e-01
-8.155959306945473886e-01 5.989615523367051164e-01
-8.804564752552798135e-01 4.905285773024560259e-01
-9.136299036832786769e-01 4.147889084152468486e-01
-9.288834676411286129e-01 3.730094369129565712e-01
-9.320652732865130075e-01 3.624455873098886283e-01
-9.477051383708117172e-01 3.220772535383031876e-01
-9.724258121859826742e-01 2.464093307603742455e-01
-9.994175353272922724e-01 1.270133440714393269e-01
-1.014158203217334853e+00 -4.814283704244853856e-02
-9.887915421552240236e-01 -2.598986818971696922e-01
-9.375888833128492861e-01 -3.667456593881087690e-01
-8.895845457719264715e-01 -4.709277373728585347e-01
-8.530849917801730520e-01 -5.258819712270805802e-01
-8.359584520312944855e-01 -5.495594188123866797e-01
-8.234402414596783126e-01 -5.678322144681786643e-01
-7.852108241005398837e-01 -6.228405938225146654e-01
-7.212016030085961482e-01 -6.999271854780596547e-01
-6.156602322525820403e-01 -8.014895456760577908e-01
-4.463737118622108646e-01 -9.180869591106078920e-01
-2.897327710407599510e-01 -9.710845928427891405e-01
-1.616152944926729784e-01 -9.953400489023382924e-01
-7.152063072945097355e-02 -1.001481195905924437e+00
-1.854243255681181646e-02 -1.001219695784731911e+00
1.322206553245358629e-03 -1.000192038732080846e+00
4.980820087850496014e-02 -9.999369023579706139e-01
1.341275370124987432e-01 -9.945557452271174270e-01
2.581556576877724329e-01 -9.742346467344334959e-01
4.283173251697319772e-01 -9.210122685374726448e-01
6.199829832301000376e-01 -8.145263022885215198e-01
7.014852189244892289e-01 -7.228112544210855139e-01
7.836201761493299944e-01 -6.330232065747088965e-01
8.240600163237704612e-01 -5.712443773195842178e-01
8.442530037412876442e-01 -5.373805432482564592e-01
8.591852295067406997e-01 -5.124832974014145170e-01
8.953942944969993656e-01 -4.509600467879952279e-01
9.393251524834601573e-01 -3.580720549709658362e-01
9.868072932911777784e-01 -2.187387208559555263e-01
1.020653012440676966e+00 -1.631542233790000962e-02
1.002736221291385510e+00 1.621451800014892808e-01
9.660316081576554303e-01 2.903917925362066721e-01
9.291047695237177884e-01 3.828896866171249136e-01
9.009437563025491924e-01 4.383355763327310139e-01
8.864886971007760463e-01 4.636558376912786050e-01
8.617367447309829398e-01 5.100784901692425599e-01
8.152605350552994956e-01 5.858734201082180792e-01
7.372915993306972116e-01 6.876118810424840522e-01
6.087629230642641609e-01 8.134417096437018824e-01
4.188315319875671738e-01 9.355849120568792143e-01
2.945670925487990921e-01 9.637879960582055316e-01
1.686309882007192285e-01 9.941376812780502448e-01
8.656855592780843267e-02 9.995991736902740676e-01
3.609770868389381576e-02 1.000614273729830028e+00
1.787292300281517754e-05 1.000647619932061971e+00
-7.482985169322674268e-02 1.000001667182554232e+00
-1.788191872917639647e-01 9.894128384172119484e-01
-3.220387004965646893e-01 9.579955226717250527e-01
-5.105057116216893398e-01 8.833753081912001370e-01
-6.701220813686907807e-01 7.677253855654444514e-01
-7.581232835638895828e-01 6.656267044856694071e-01
-8.244929171309065552e-01 5.765986492132213481e-01
-8.610262671936386170e-01 5.136954916347816757e-01
-8.792592031850875456e-01 4.780118904950212966e-01
-9.047008315330128392e-01 4.295493629939249880e-01
-9.427971305527488299e-01 3.458166264476715823e-01
-9.828733766021615637e-01 2.242990867420356360e-01
-1.014363603235740374e+00 4.970173362702051678e-02
-1.010092574189980441e+00 -1.815086847564764128e-01
-9.606191098717205001e-01 -3.084398839739624920e-01
-9.095529027836786184e-01 -4.383373871618985174e-01
-8.607519741999954954e-01 -5.173326336912529300e-01
-8.239230972107677298e-01 -5.703470778805627139e-01
-7.972711841407070787e-01 -6.052063807172010090e-01
-7.513043193815687193e-01 -6.641783295336548543e-01
-6.806644197678767272e-01 -7.398667775438766414e-01
-5.730323519991975534e-01 -8.316285386406894187e-01
-4.089159956994272704e-01 -9.326422205798944320e-01
-1.991394437980742727e-01 -1.004588838130906270e+00
-6.529741021523235989e-02 -1.006528957879038844e+00
6.418643835428899935e-02 -1.006275084104669704e+00
1.519527636549032334e-01 -9.923384961789302183e-01
2.100376183890061421e-01 -9.794912483312785412e-01
2.604943429073908745e-01 -9.668720779474706539e-01
3.450427390890252743e-01 -9.426959848923414098e-01
4.528115454698427578e-01 -8.991410311377660003e-01
5.902494721523049437e-01 -8.223958870068536209e-01
7.567858737677498615e-01 -6.877393168863910056e-01
8.683887112996473423e-01 -5.313514726202628324e-01
9.277386985692568366e-01 -3.997647864705329845e-01
9.637962785290511425e-01 -2.902999259758791695e-01
9.811570580579047629e-01 -2.098848430703086354e-01
9.889908069302901783e-01 -1.572130337367543262e-01
9.983023278720783988e-01 -8.966709016399727894e-02
1.005099327403848886e+00 1.197645010689671330e-02
9.983075884573081593e-01 1.478216258402875460e-01
9.622428930071966757e-01 3.286080743574667506e-01
8.697955999127827686e-01 5.473116549997494307e-01
7.722669988382409034e-01 6.504110326537654307e-01
6.704856125968423619e-01 7.562720477267392827e-01
5.870186974844610051e-01 8.159815642755837706e-01
5.210296032881346351e-01 8.570530156796237753e-01
4.697254459953217332e-01 8.847274288623091509e-01
3.950610767251897526e-01 9.224546379197786639e-01
2.919887465382762226e-01 9.627971343420846928e-01
1.511237181802774499e-01 9.991420146857056261e-01
-4.234669094647727783e-02 1.017776820910017310e+00
-2.728165885412254799e-01 9.895168332233086339e-01
-3.985300318211133508e-01 9.274529677008807038e-01
-5.246224279200413232e-01 8.629941471090109006e-01
-6.066000228293828567e-01 8.015207623048681285e-01
-6.654548742869538236e-01 7.504729554100209032e-01
-7.115003812852680465e-01 7.056113100435580376e-01
-7.747371924033870094e-01 6.389241318583260831e-01
-8.460816967938245003e-01 5.457918346431365197e-01
-9.230180002279336771e-01 4.138898841029777786e-01
-9.955581344559785162e-01 2.238426130714490370e-01
-1.025228169818393154e+00 -1.143599337358885970e-03
-9.998538646121694073e-01 -1.422380594314491542e-01
-9.706080334520343911e-01 -2.774391439453209873e-01
-9.334824385013690273e-01 -3.728192755451810170e-01
-9.000585960770085547e-01 -4.425409828307481641e-01
-8.664209500385979812e-01 -5.042213155975947547e-01
-8.137540744905745749e-01 -5.898305606484105512e-01
-7.356555618241429340e-01 -6.889964283910368081e-01
-6.175753719708192424e-01 -8.034826681002494864e-01
-4.353720587817424548e-01 -9.266217002157582927e-01
-2.385358834599566880e-01 -9.928181768710951927e-01
-8.705762814477488454e-02 -1.007542396923452266e+00
4.260272104370474433e-02 -1.007408098925285822e+00
1.408650494572135092e-01 -9.949351698749615558e-01
2.129116450037339403e-01 -9.798264118353652297e-01
2.915820464301890347e-01 -9.599765279054669476e-01
3.978472413678499908e-01 -9.242680165280258153e-01
5.256405091611762170e-01 -8.624459093473824112e-01
6.799074852209043840e-01 -7.567040285794138788e-01
8.499562481457437757e-01 -5.806695180618111074e-01
9.138363098979738197e-01 -4.351486904116776966e-01
9.716266082410580651e-01 -2.855432330642481142e-01
9.927098487284929940e-01 -1.687029208715490336e-01
1.002273966253689919e+00 -7.098167587388190536e-02
1.003039493432551277e+00 7.575976018220367814e-03
9.992701435453901215e-01 1.003835106868778970e-01
9.831718893489906907e-01 2.176048919191836128e-01
9.444880918089009203e-01 3.601468939246559309e-01
8.662398353807407858e-01 5.349709007256364668e-01
7.228188700926595489e-01 7.327192818240959582e-01
5.929752091562854321e-01 8.197642714647828122e-01
4.566598771531880652e-01 9.038822183871885185e-01
3.428340001280772431e-01 9.471714593830999895e-01
2.430004891602729200e-01 9.755346249931265978e-01
1.580973932020619810e-01 9.911746384266919563e-01
6.262073084916228161e-02 1.002652315262759997e+00
-5.653297272106540261e-02 1.005478160671090082e+00
-2.007799381161198271e-01 9.902895290296437336e-01
-3.789146881185990745e-01 9.435205824111903006e-01
-5.939033717050850036e-01 8.391158330969793466e-01
-7.185571578659127878e-01 7.165816621072759185e-01
-8.236275853162426941e-01 5.902711396177774406e-01
-8.878976617617950762e-01 4.777548049848480693e-01
-9.333623120774513504e-01 3.758021097896265816e-01
-9.624741950310513605e-01 2.869565599388643751e-01
-9.858546828850058841e-01 1.933414518139412452e-01
-1.004134145360170205e+00 7.604850059777780447e-02
-1.007840660699523605e+00 -6.572479290963416376e-02
-9.863594386309544326e-01 -2.417211682398330841e-01
-9.162634527716345678e-01 -4.624302757175994816e-01
-8.020156312786929087e-01 -6.303698273984530420e-01
-6.854322359515739871e-01 -7.461779022038449449e-01
-5.747128833981827167e-01 -8.299429856676437955e-01
-4.737707475499499665e-01 -8.882804442907953346e-01
-3.849028786049648598e-01 -9.280525583945292700e-01
-2.926073242343841252e-01 -9.612372922358258798e-01
-1.751316624391122401e-01 -9.919934803259290446e-01
-3.125914543377172894e-02 -1.009944960648082590e+00
1.506483603473487698e-01 -1.005140303982925865e+00
3.835113759482137175e-01 -9.536873290334734188e-01
5.590416661349639771e-01 -8.530371470486681762e-01
6.880619654477642122e-01 -7.446877379660901131e-01
7.810651210006774869e-01 -6.398333706525749509e-01
8.485010219927168196e-01 -5.422391999067903701e-01
8.962636635071933311e-01 -4.545643836720671405e-01
9.385877031684464189e-01 -3.601774274800104148e-01
9.790654104125705581e-01 -2.398362970734456701e-01
1.007346205344346490e+00 -9.070521726324365375e-02
1.013117080032573059e+00 1.007600349187724176e-01
9.704102554477330722e-01 3.471036157430007485e-01
8.800370938118479147e-01 5.089193658450451574e-01
7.789550417161779094e-01 6.505719967706462548e-01
6.790781114711920141e-01 7.469185384763614710e-01
5.827774157401032218e-01 8.216704316252362306e-01
4.926443774585071433e-01 8.765751726645356623e-01
3.944560253329633670e-01 9.254186055169415503e-01
2.721729417335294055e-01 9.710403199579186184e-01
1.217943509408839775e-01 1.004400110631537002e+00
-6.991599143267215877e-02 1.015802051574553833e+00
-3.168980863794885749e-01 9.805524985896261203e-01
-4.874082896706099510e-01 8.934285538304962415e-01
-6.325161492378704731e-01 7.940670085507961495e-01
-7.343855570985072800e-01 6.934963000729472693e-01
-8.139954538038146614e-01 5.945126852343570745e-01
-8.733337813891017820e-01 4.997280305657454402e-01
-9.242381223753958208e-01 3.982804889973426965e-01
-9.706692322682697327e-01 2.743574891187592901e-01
-1.004121513727843418e+00 1.240246381551857457e-01
-1.015631225295584139e+00 -6.503731814696622759e-02
-9.822925996482663180e-01 -3.084770989937027919e-01
-8.921314574656060703e-01 -4.968780934183628650e-01
-7.885176118610852658e-01 -6.394075301207744477e-01
-6.829654203895841880e-01 -7.454635259732120822e-01
-5.789950620270430948e-01 -8.257738528300418990e-01
-4.791428748456845743e-01 -8.853640450118379635e-01
-3.735062468637691535e-01 -9.349124959747794339e-01
-2.456265756538792977e-01 -9.787202572484807739e-01
-9.175033212410652061e-02 -1.007984464538692837e+00
1.004022611760203854e-01 -1.013272007414030895e+00
3.461963363812528005e-01 -9.705915459723570837e-01
5.335976992123105944e-01 -8.714018486275518782e-01
6.738839363823326822e-01 -7.599401268039597257e-01
7.770100501725304420e-01 -6.475196284746983499e-01
8.541347118852887776e-01 -5.370898141700015671e-01
9.103939773345824937e-01 -4.307770035665888231e-01
9.556521811626552676e-01 -3.183710412045139271e-01
9.926679066314743061e-01 -1.841982810964361839e-01
1.012500654835502667e+00 -2.462357815504809255e-02
1.004490720008468063e+00 1.725406072206313035e-01
9.423699541320696982e-01 4.207572248007702687e-01
8.297744136043946339e-01 5.944131568704290602e-01
7.067440660837427391e-01 7.305936416277259982e-01
5.852856076950763153e-01 8.251417070523132669e-01
4.659490181142839083e-01 8.955166670945027274e-01
3.504742058903205226e-01 9.449079365115584661e-01
2.294822755268798864e-01 9.814534390593903090e-01
8.909133333172722380e-02 1.006140348907692550e+00
-7.405195997889027493e-02 1.010469370744273787e+00
-2.707403155264265227e-01 9.828396624392434777e-01
-5.123278807684317204e-01 8.961158502053953034e-01
-6.789600593053768396e-01 7.637442862551448997e-01
-8.020104558947116491e-01 6.250434543030659595e-01
-8.852781722810454390e-01 4.908553222755410728e-01
-9.435951959411614798e-01 3.604097711749634225e-01
-9.807886492924515753e-01 2.347744626441728433e-01
-1.002933168958605403e+00 1.057649251042143967e-01
-1.009696294322194321e+00 -3.936650122196544421e-02
-9.928325206632930833e-01 -2.033141556542987782e-01
-9.398882351807434921e-01 -3.948758147727184920e-01
-8.230407767768628258e-01 -6.227290125327713532e-01
-6.640025728063727595e-01 -7.797885003317328589e-01
-5.077187643800487038e-01 -8.810920123677540294e-01
-3.589014896598092252e-01 -9.473322904356462626e-01
-2.174679778484420456e-01 -9.869713581500419997e-01
-8.304667066102944251e-02 -1.005688344712641014e+00
5.197580082003686042e-02 -1.007695507179898975e+00
1.994325394467332258e-01 -9.910426757381539664e-01
3.610676614749931401e-01 -9.473870859288062718e-01
5.435228074088708228e-01 -8.630165730355603415e-01
7.511652118807352618e-01 -7.087138267362759203e-01
8.821895402946597908e-01 -5.221788602844575911e-01
9.557722994850793574e-01 -3.484934584310356298e-01
9.961593605921693628e-01 -1.871569345075810575e-01
1.010501945930375456e+00 -3.722759709379747095e-02
1.004471726767918405e+00 1.029670315462496433e-01
9.805858088859964461e-01 2.405102097065997535e-01
9.350989597242916895e-01 3.854532975144875362e-01
8.596802600127941840e-01 5.384324058303290306e-01
7.394340354094129930e-01 7.033360334142422232e-01
5.443098211089957283e-01 8.787103140837876358e-01
3.338140398054456059e-01 9.695550546243314471e-01
1.458271888388015247e-01 1.007402581343620707e+00
-2.313500707640286924e-02 1.013771974438312240e+00
-1.766626660312705377e-01 9.962290146522979617e-01
-3.172616353491691243e-01 9.593411457801934716e-01
-4.508556219996958658e-01 9.041637673146765142e-01
-5.849312848990714242e-01 8.257558152520358963e-01
